"recipient","value"
"1FswH6bx1qSerUe7D736RPYDt53Af1YVqE",100000
"1EYGj5DN3cmvt8sNsVZcjjoCao9A5y5nTr",20000
"1KA77khqMHjdkxeqNDEBfrb5zH8f1UJ2hP",1000000
"1KA77khqMHjdkxeqNDEBfrb5zH8f1UJ2hP",1000000
"1KA77khqMHjdkxeqNDEBfrb5zH8f1UJ2hP",1010000
"1KA77khqMHjdkxeqNDEBfrb5zH8f1UJ2hP",800000
"1KA77khqMHjdkxeqNDEBfrb5zH8f1UJ2hP",1010000
"1KA77khqMHjdkxeqNDEBfrb5zH8f1UJ2hP",1000000
"1KA77khqMHjdkxeqNDEBfrb5zH8f1UJ2hP",1010000
"1KA77khqMHjdkxeqNDEBfrb5zH8f1UJ2hP",1000000
"1KA77khqMHjdkxeqNDEBfrb5zH8f1UJ2hP",1010000
"1KA77khqMHjdkxeqNDEBfrb5zH8f1UJ2hP",1010000
"1KA77khqMHjdkxeqNDEBfrb5zH8f1UJ2hP",800000
"1KA77khqMHjdkxeqNDEBfrb5zH8f1UJ2hP",1010000
"1KA77khqMHjdkxeqNDEBfrb5zH8f1UJ2hP",1010000
"1KA77khqMHjdkxeqNDEBfrb5zH8f1UJ2hP",1000000
"1KA77khqMHjdkxeqNDEBfrb5zH8f1UJ2hP",800000
"1KA77khqMHjdkxeqNDEBfrb5zH8f1UJ2hP",1010000
"1KA77khqMHjdkxeqNDEBfrb5zH8f1UJ2hP",1000000
"1KA77khqMHjdkxeqNDEBfrb5zH8f1UJ2hP",1010000
"1KA77khqMHjdkxeqNDEBfrb5zH8f1UJ2hP",800000
"1KA77khqMHjdkxeqNDEBfrb5zH8f1UJ2hP",1000000
"1KA77khqMHjdkxeqNDEBfrb5zH8f1UJ2hP",1010000
"1KA77khqMHjdkxeqNDEBfrb5zH8f1UJ2hP",1010000
"1GoNoY3mjdvK2PKbbTfJ8o6YNCGJWD1jiZ",9671
"1NnR8q4Kc8dscVvwu7Scpv5L1NNqmhQeth",70400000
"152kHnjLEfAgUdjJJnQGkum8UAmFcFMGo7",170000
"1KQ52TRUKWVmMopMYMEEUqNnAWsVuVXpyK",94458
"1KA77khqMHjdkxeqNDEBfrb5zH8f1UJ2hP",1010000
"1KA77khqMHjdkxeqNDEBfrb5zH8f1UJ2hP",1010000
"1KA77khqMHjdkxeqNDEBfrb5zH8f1UJ2hP",1000000
"1KA77khqMHjdkxeqNDEBfrb5zH8f1UJ2hP",800000
"1JN5MWbpSJ35UHGoF1TiTCwqiqmUsr4Can",2449779
"16wLBkqtY1WhWB2G7TWXnCU67gyMq8e3Ft",1000000
"1GtQzvhTW532jzhv55r2dh9Sk3B8h3UkKQ",1000000
"1P7VYcnSCFZLPuYWJyhEZTY9BB7qxYVyZW",1000000
"14PuUmgkm4uKNZC27oAPcR63wxe45znbP6",1000000
"1KCfHk8Z4XEubW3W3mXj3n9rGUJv9pzT3i",1000000
"1GgKgNCTe87LET5c5sf6bG3B4iWw6eaXZ4",1000000
"1KA77khqMHjdkxeqNDEBfrb5zH8f1UJ2hP",1010000
"1KA77khqMHjdkxeqNDEBfrb5zH8f1UJ2hP",1010000
"1KA77khqMHjdkxeqNDEBfrb5zH8f1UJ2hP",800000
"1KA77khqMHjdkxeqNDEBfrb5zH8f1UJ2hP",1000000
"1FsrBecipeZLzicSsY5tZvGLGxJRodZY3t",2983784
"1JteXAqwuEChE5y8XZ98QgnACLS5a2WTr4",5460
"1C5LHBqEddpeb2L9iEihYEE1vRaN9YfC1P",101257622
"1AfX1MqGLUc15is6gfj8Nt5eEVchsDaidG",40000
"1DyxjD3LzjtRXECseCdBGGJGLV91osVJ25",80000
"1KA77khqMHjdkxeqNDEBfrb5zH8f1UJ2hP",1000000
"1KA77khqMHjdkxeqNDEBfrb5zH8f1UJ2hP",1010000
"1KA77khqMHjdkxeqNDEBfrb5zH8f1UJ2hP",1010000
"1KA77khqMHjdkxeqNDEBfrb5zH8f1UJ2hP",1000000
"1KA77khqMHjdkxeqNDEBfrb5zH8f1UJ2hP",1010000
"1KA77khqMHjdkxeqNDEBfrb5zH8f1UJ2hP",1010000
"1KA77khqMHjdkxeqNDEBfrb5zH8f1UJ2hP",800000
"1KA77khqMHjdkxeqNDEBfrb5zH8f1UJ2hP",800000
"1JosrDNMa5SGBRWbZwTGpeZu8M9ZsrtqJY",200000000
"1KgTkdetTH1AaJJcc9NPcQ3TP8jnnw4bYV",848127
"1AYwVjQmTi147gsYVYYGHSXCjkfHyTEFR1",17831108
"1Kcg7cHptLMu6CoFh8mNVYbnhAcB32Tse3",23253537
"1441v3Y1NYx4rCi6kRwfyYW4XAhsGfpTKG",23358624
"1Esb7qfqsuYZGUQHLfj5VFyd7dSw8SD7cC",32435856
"1K8KubXnytxPaa6rjheJtm7o5oSezWCTWd",47742352
"1EN1vxgpLyiwSwkkvF7wzWCY4YrkUX85Ri",17120
"1Lhf49gTCyLYZChhejfVJLysR3MVY1cZcN",14080
"1PTErSVYKwiu9R5gqsMVTJ3whNE8ioC3SU",10640
"1NGSrHwEem2D1c1wkRaXxEsHiau4tvPMQC",10580
"1DBefLt8Anofk2ZQ1X7vEzuZHn5toY3YjF",12880
"12jbHFWRtivGTzsKGK2GQMWJJZyiLSvUfT",14000
"1Ax9mv4vQbJmad3XLmXW9LvPoEM2Mzxmxa",11680
"1MFQfeuk6zUR9wBKTKHjp9RsDeXrKa3Nje",23600
"13xRf7oGZgUmTKCz33MBRNFq8ho71ks9CF",11680
"1HwYvgPHTUuhoxRsEKyzb8KsvZDRjdhmjC",16080
"15KWdBPAJ73eRwew3SMAP4Gd2jjB1s1cVb",10640
"1B2o6mRF8n9aEbUKjBFYAw9t5vc1wsewoM",12480
"17tx8s2tBsKHgAenVjhTCtPmugcu1Sihq6",13120
"15f6mGM7UErbaSvArVQ4NgbSQD5yV3Ci6n",15440
"1AANat2p59Hm8mJDmKTAboTzncKnyEZyrD",11280
"1M5qhgWihZFQQn4NK5owFeTCnpg1E7LZse",26800
"1LTkZRq5eHqXUAAFp5oFjJFFxRPU8UfZvn",13120
"1EpNcpNDeXPAX7aj2jVUEHZn9XgCVeFB2p",20240
"1KgsCFDxBy3gQgadxhJfNkBgEkuTF3fAma",10480
"1KjC8NFUFFHAPVCWaYfLRyLNxqoztNkaJX",14640
"1KoALva7gUYxek4i7vdxFze92aDsJrCEGc",16720
"1DmZLuCvNaDKcAZP77N8kddphULE4rBN2C",18000
"15eqEwkcxZTivJdWanj37fhMZbdcr5zUdz",31440
"1F5nkcy3b991e39ppk2pJtBh5fQp2fF6i5",10640
"18gxjCFTSa298MV8Yu2jP4cZ1nvnhXptCh",16720
"1FGDk8KjefJJroXQfvXz8vFvRNfJGjXbYS",11140
"1Ajjp8YcKjQndtmaA39MQFfiWYVuStXuJi",13360
"16WLfxzPUXrva9jsiFVwbvUtHfyqZ6VVTe",28880
"1KQ52TRUKWVmMopMYMEEUqNnAWsVuVXpyK",21680
"1Ami6buXSHnkuR8VRowXkWgi5STRP2p7C8",40000
"1KA77khqMHjdkxeqNDEBfrb5zH8f1UJ2hP",1010000
"1KA77khqMHjdkxeqNDEBfrb5zH8f1UJ2hP",1010000
"1KA77khqMHjdkxeqNDEBfrb5zH8f1UJ2hP",1000000
"1KA77khqMHjdkxeqNDEBfrb5zH8f1UJ2hP",1000000
"1KA77khqMHjdkxeqNDEBfrb5zH8f1UJ2hP",800000
"1KA77khqMHjdkxeqNDEBfrb5zH8f1UJ2hP",1010000
"1KA77khqMHjdkxeqNDEBfrb5zH8f1UJ2hP",1010000
"1KA77khqMHjdkxeqNDEBfrb5zH8f1UJ2hP",800000
"1CiM8kewUK3SPV9LhwAuLox4ry5HPXj675",299300000
"182YLt8fVtMogUZGzPLSD2kdFkjYFTBNvQ",5235650000
"1E58qJnYR37LmL18m2JJo3rzsjWu8Suumh",62500
"15NDchEurogaLtyojR4mroLNFhbnBb6Ka9",1910687
"1E5jpNFxLxB7GCd3CekbcvuWnCRCzQjAQb",97018
"1C7X1eS8VdHxfXFbDfxqWsn3AewzAnMPsT",5159958
"1BARzBsLabfwbhk76YaaAo1zVxEBCBKHTk",1038453
"1GxwT9kwpEBPpFQz74kkPC1BB3FzpSDBqB",1014284
"14kjSvGVYdZeGzSakqnWapdA6gvhh3bmA3",1005752
"129HxkoyyBe6GajJV2W6AxAHdXQ8Cgkgnz",1218888
"17iXbJGTuh9E8EeBpcZpPpAKvzj75zLB4D",1199498
"16hWj8pVy9KPxUuEH5XjWbMmxZdR6arAui",1604899
"166RdqS6TzhFPwcN6o67mmVi9SEUX5szth",1318110
"1DgLo594qwERMDYYjfZemU9xFVcdKXVtdS",2538409
"15uJ3WHiYMzVbrDJrcn557JkyLAiLqLw6z",2275351
"1MLGXB2PFVhs8FjumC9X2oBzKy3CQFkCS9",19442204
"1N5wLvdhC4GNKrryns9jY2JyPPRrqEBmNs",10227401
"1DkAGrdPurafNTLWioMnogeyfLiJgAGXhP",1079317
"1Q5iWXpmfWoVXagk6a6zpGtY8cNYJy94sF",34696
"1HgFUTRGftDSB11tYdv62FnFp6HNB1ZB2N",54093
"12P1pn2r3AeSpzac2cjPiDBCuvgus4gnjf",511975
"18gJhCXGWUD8MpiCvG5rbr5qava857Lgpr",605409
"17ha1BYhDmear4WqThae681HzzHPT17SSn",661961
"1D5qBArsq29qASazA9wNqr235s8s4A8hQx",663054
"1CfpFnffcA54FYFjShQpmgdcrbFs98FBxE",810854
"1PDgjxWin9dtSoguMouPNsy7dLzLYmRcHb",981603
"19LSHErBbSp8E8hA22FsNvq4MvVyTSmwGw",1710334
"12TeDqkdNWXYafpghVAdK4DTnec5KGtXRv",1836361
"12Sz1yjHkbM4QXFbd32staHs3czgYTF64e",4400
"13hafbbYbA9cyehwwBweDANnntJa3TejaB",17984
"1FGGcdN1EgREdmvRSMc4bPP9MmmcKexZ4T",16613
"176SPM3Gqpi9gwxFiyDG7J2rbP57FEy9T7",23093
"1ESWxCh67F887dwdQwwLJAE6B6pBWc1mpY",15964
"1AZCZszwSQSBabZxnFnXdGK4j1SZi252re",17866
"1H6QFzCqxvTgpcEGtygQivy2qmPEN8obqm",18606
"1ESWxCh67F887dwdQwwLJAE6B6pBWc1mpY",22803
"12QMhVH86PY7QrooqFH2faj5bVwvDoHhED",31834
"1FSnZGxoPF9t6UkfSk9XRDv43xEUXxfFTU",12600000
"1JWcHyvZCS6o61NGHgMJ71KzRMpKQp1QSQ",11200000
"1fYXTpas4L6fHYNtFoxXCJStrmqsHFK7m",2450000
"1NGZ1cGfNXiqUWANsAeKmzZdfqV1UeZHcK",1000000
"d-205bdbcc3d95ff1a4979a47f8a9139a1",0
"1JeK2pw8HQ8MYM8nJqrUt4jGX4E4n2vuU5",42440964
"1Ppq2YaEiqM1CqAbaKe8B9eTxCYQeQxb2G",18194763
"1Miningm9uQ88cPfzSPEbvL1s5jwCffkAo",15794940
"1CTgYxMTY5j6SLytKeMsBWAXuUc6yNKcAe",12522469
"1QnLqweKzZdbEwHAzxJNZK2EX1qSQvgkZ",7219773
"12KoHCfaPLQcmb1hznNyfLfarh9YParee2",4437156
"1MvgSQGEq5zwMgAm5BviHbaGo2eRrBDksg",2580271
"14FC1met4WmKPodrjZZqAMAiZnb1Zsd5RK",2183367
"1DT64QpM1FdjtLy13cjaZ1jU4mv24DuRJA",2151746
"1PRn1QJJTPpCqux7gsfvLmzuRkyWCbPQJK",1810806
"1fFbcxGeYZcqCDQ2F6Jrq5R9QcBn3EQ2i",1464922
"1MinerXnsnX6Z59HjhwJvc2txqeBPVbDMg",1417124
"1aYiVbZSgveXr26m9zJ9TTxR3u4KEQMaN",1139750
"1LBbaKjuyocK8bs7YAWjbiqvViypiRZkhX",1009022
"16Hyu69FNaeKPhXngXENyJync1m8mbGpvo",998315
"1PVbiJW6pV1UKsrCuDqZbU7VsHBmFzPUKw",992332
"1GG6Z7ERgxE1nMrNSRqdc28f7Sa63eTbik",748720
"15nVhBrHdMGq8x2jXVebF19NcaWTqp1a2H",734384
"1JftvfaYRRsX3yFFvTeSDAVKvxSregfsKe",390388
"1G4Da4fjZ4yikQ7kGCus6GzEhC5NdqE9RC",389060
"1KvT9rETFqdd2NhGLU8UYqVKc8vDdjWhah",358889
"163vc7EjEy5LgoDXh5tNqPkQiqG4a8aYL1",351243
"1BE6mC36eFN6ijcFsUfYW5VgaCCNRyxoar",345282
"1GgKgNCTe87LET5c5sf6bG3B4iWw6eaXZ4",1000000
"18nSGGcrjduuiiEKJ25xY5z54HneTePFoo",116300000
"134jtpVNAEFBowkdjxgWB75sJU2hjoDET2",1394386
"13AAiSNc66vyKRcZD6aSGGJACijwPtPpPc",3435
"189Y2S6B4rXNA5ew5kDMsaqUZYAQ3yWQFm",23000
"15KbRhacuPAr7hKUrFnSLt4LtWbQJnDe2T",1000000
"1FBD34pAz1GizdUzRywStQHsd4eYebx5vR",25850000
"1BuXpq2bnRcrnb8fqDAZkXi171hDxfdkg6",3073753
"1H5DfbDtCnKUdke9xH9svwwxqga41Z5xbz",65399
"18gAbEb1u6STnLAbmbNHibrpj6BQLbZTMC",915586
"1ErnyjydPmHVNfdCoh93rd1zfv31nYYJy2",65399
"1GFMnvmPjMgyZJMDcNxWeNYRgzFMkRgZ3f",719389
"1KVwdgXnQeYPiqccSBFnP1w4NimDtFMUAn",4774127
"17R6bd6XUKVWpwYCDMcWfZbJGJgg5SrY3H",2223566
"1dicejfAj5CjiS2eyU4LiJUtK5wkfGrsD",7586284
"1HV6R2qGtm7xKnogd3FLicinQ6dUEwWyDo",65399
"1PoHREauh2BszTpiVKShvxqF6yepQK9sWh",3989339
"14TsZdJ4waQDmxykp5scgCp4g7ok5Y7AQL",65399
"1Bhjzo7Po47uVN5gQ9noGVd2SgsnEAcYtj",9417456
"15vuUbwhHHs5SbwkgPQMV2CXE2V6brKMFA",261596
"1LThYER2wT87kADiSXZnnrJm4Xebqtkh9g",14400
"1MCnL2cbQSAYkT2twqjjZhk1jTNcxvLP7r",25760
"1NQrc9Muna2PttLEcWmHvaRggfHG69kMJ2",12160
"17ggLKi753zoWQs1Ak3w1VW1kEYPGPDUvd",11040
"19gkoEnCgrPR1Cc5jzTjhUVWGbbKuRXnwL",10320
"122AXeLto7TXq5vhy2hRM2WhRyKvSFXVrA",18160
"12yokaxAPmRFqBxv6XkpZ4TksYX6LhQVKd",27920
"13xmkWEb5yTMz3SYxgJpQKV2QkwB7ozbcE",12480
"1H5oCNsujTBuDFqwsYDnW7RwAG53AkhPXp",27280
"1CFpbViHYs1PczWw54mb4zggiPj1mnnvkU",11070
"1NQzF4noJcocCdwN6q6LTeq7as57DWnBQC",17200
"16kBgsm5g9QzUvQCw3zH1RSMjdHnP6KiN",10400
"1G1ALMKqRLUdjkXvbyTJ8ydYFpLToAKsdK",22240
"15BHWZucGiHadGpFzN2yYXoGpsrDNzssuu",14560
"1dmtWDuhcsdtxfjeq4yoMcsVohw4ijaBn",16240
"1QKoZp77BLpjexwyoERqYTvuCNh1pexwgD",15520
"1CiWMSLG2diXYT2ndVpC7AwE7vZpCLVJdw",27200
"14EByv8cLXYGotZFyzfvLPbmfPqw9GjRr6",11520
"1GFHFF4eBu2nUGAgHTKjqEdL2uf1suAvAG",19520
"1NTP8ZQenwzBCny22jicT57q2xDkwd3ygn",18080
"1QENJ8b6ax3mjziJhesk1DyVD7MXnv8mMm",26240
"1Mz8wyLcNg1ahK7fxwoRUjXJ1QeW5vLAKj",10720
"1PQ85aR9wqzcfTV2BcBABzLBK2nvNfNmER",22560
"12ywCktz2St6bmpYEVXFTj9yRANqUPG6Yz",19520
"1AShYi1bHouRApysnDh8j1Srv3NLVj3raX",16160
"1B8YtidkgpDfVL2Z5j9kZudjQjr9Kn9YkW",1000000
"1BaUHvKUnaExEUqP3c3mJgqV4uDPWZdt2n",40000
"189bEoKNe8mAoYAnx1Yni5i8b6DYoNtXJQ",1980000
"1K26FFhn6BovhNMrWZqYebgAN5zwzpTAtq",800675
"15NoSD4F1ULYHPfSiV6jRLFftn5aStwLnV",6000
"15YBbo5d8wwVs8uTr6w26uyRSZHe8UF1Cf",6000
"1EXoDusjGwvnjZUyKkxZ4UHEf77z6A5S4P",6000
"1B8MGCghtNNVfLPQ444E2smwJUszTS7HbK",839169
"1GFXWf3aiCCZ4ia5u1gC7nxtTvmiNBGUTC",230000
"1MPrbHX5VgLNR1JcxzH9Bkh58EqGKEwsm4",11200
"1LrZUnpdTTKDzLMoveaUWhxDCMxRoHLAib",73050
"1B7VxVzib2Qcv2UpDZoVQC3txFHixsTd3z",10000000
"1HYNbEQSZ6iqTgmgbv84ArsdYtwfVSqNGU",25000000
"16AAK7Wj83tQNVQGZ7x9nqZ3qfxBv1Y4GK",490000
"1PF8SCoTiCKyfxLNVYAsKPU6SCCTRLPxPK",2299844
"12cjGEKPXUNusk52HR8BWQcVStbRCQCTEA",10000
"1JqdadgxgxrnbEnfvohxtaSNbHt52kVLtC",6481476
"15yjtPPYUCUFFGJaKoxNmoLPH5GM7xw3jF",50000
"15yjtPPYUCUFFGJaKoxNmoLPH5GM7xw3jF",351156
"1NwZ4GuxC7sE6DqWbF6MLZHKBxL9gHLdR",444490000
"1MNHeHwRbXk8bVWou8gAmH5JMq2E7pFm81",13001
"1LTtmF1Jx5RVJvLMv4s4s9nQh5CMkvWXXh",31037
"1LctsJqwPngbu1hAU6dtpyZoiU53oSDYm6",13293
"16L7PTC9fHuaHrrVho23EGUZzaZZwoYgqt",14450
"15YP6u3LMgaU1kUoAPYULxzM6evCVtdCHf",15786
"12HaGTHzgqr6jzDjR4YZU63WY77dMc2jNH",14463
"1EM5fW341rYsxr4hF5MmHkeJEZtw2LvhgY",16640
"1D7vgbb5Qf2HSvYWw4DqizgmA3xifM2DYz",30573
"1CwxWv5M6rkGfVyoe5Y3iqmtdnRjzBWXDc",17882
"1AZCZszwSQSBabZxnFnXdGK4j1SZi252re",26242
"19Wgihj8yUpiAtCs7x57gqSY4gVGHNxhcQ",13953
"1H6QFzCqxvTgpcEGtygQivy2qmPEN8obqm",34183
"1F63Ftf4iVsVaDhwCF44KbHVmimMWwAbPC",20105
"1F4dz7XnN64qNrfzUq6iW54ZRNqdyctau5",15793
"15yjtPPYUCUFFGJaKoxNmoLPH5GM7xw3jF",25000
"17gC6st5RQC6Paefn9xjFzUWFmyj65cFa",1001929
"18XpXGynXvFEkEPaMNNKVf3mi2RZsXGP9N",2427483
"14mJGLmmEqb1sVseGKwnrZsbAjdDZ6boec",500000000
"1FJLw3TLRSjUJByepQqA5Kf4q5cebnJ5De",2216071
"18XJM4k5B5wh4YYixowc323MNeMt5LNGBN",15000000
"1Dvsdc3N7CpnFZpMfvwYVYCDTRNThC5Q1p",199990000
"12JgzWQEVkVf2HURHFzvPd74BDsPS4cqke",5836
"1DvPhCo14tazVVm9cTKfxxHF8QszQsJkwv",208270018
"1Jj1UDhF3GSjHnCJcQ8Rf9BmTwEjv1DQiV",485000000
"1JudoLU7NPATAjRqm8zPBQWxFHDS4uVGZt",1000000
"1B8pYvd6RmhftYQzyY1ewTsZPWGy697Kw2",1004338
"1K8yrYWn7PKt8WoKGqx1aDWCZyyvAUM4c8",1238383
"1Lzs1t7EeE9m62DYxNa8jGJM4Ji7NwCEjT",1088252
"15iLqH7Xu6z9aGSgreDqc3baRqD5hDKDrp",1208273
"18AJFexdtVeJJVdEEieHtoWerJfFwmrBA6",1099865
"17J9k8eWq3pfX6rhNFe7p1MhwEPtWCPSWv",1019630
"15yjtPPYUCUFFGJaKoxNmoLPH5GM7xw3jF",168650
"1C151XU2UaGh3KZrmw7qC6Biu3uUNYgdyA",3779426
"15yjtPPYUCUFFGJaKoxNmoLPH5GM7xw3jF",5460
"17T4buUjABDLzdsXzuyEJB6QHUgYK6S4VF",1000000
"1dERVN8YwroRnFogG8Z887FWkPvBeZAuH",5179179
"1M8AvpPpQDSYBc64PzMmp21LjZYm2Uzz38",3529131
"185pmMX4fhmz1Xz3LY1H32fHy7GEykuHzG",2369348
"1MMzrh9S9bSkcU42kpsRhe16hUcpDe5NYb",1560217
"1Eumz8fQkG8E52ykqvLTs7yHUQouDf8GRD",1776719
"1EVSdFraW12mYqyfH2JCR6QHSKNgrvPDM1",1079945
"15awDWfsKg5LymMfX3xnaMU3bGJvX426aW",1183193
"1Fmy76XdAWfxNMg77TTWNDx3vaK1NZWvrR",1005790
"17QfkfGZux5FTcVJGDQQLdfjoahP13Tozj",1131632
"1dERVN8YwroRnFogG8Z887FWkPvBeZAuH",5248395
"19HuLJWsUJuhky7ArWKJQJqV6CAEFEfZWg",1038725
"1HpGubGZq5A6LRT3JrpntfvadxCuCsm8ip",5112515
"1M8AvpPpQDSYBc64PzMmp21LjZYm2Uzz38",3559008
"1MTfVPYB3xEmVZPvinCcjvrSQPRnhw1fyV",1018482
"1HwCPY25vEDoCSDyjLwSdnRBo2rEBEdPyS",1039090
"1CPsZosggjMTjBHk3vBGWz9kf1ZF8CQ7ZE",4033342
"1Pszk77kXEX4i97fu3VuwoC5krKAYUkbsj",3655
"1QDqdZJr4ncEgW4nYEbMB2QRCcu6DaCabt",1715773
"1D5bcwsAvw8nNb66Pu2nw9BZyfg6kkUtUx",17107276
"1KpGbBSMfBdkN5DUcb9Q8B4tsFX6pKZfGk",17159207
"18RHQfmrTcC5MXuFUMxC29W3VWRQtCuvV5",47844900
"1HFYms9UULvfvrrZjwWSL7dwHvLu8q6wH3",1000000
"1P3eKfkYEsBEwNh1ozc4PXHoi9rLWnTMVY",1516873722
"1FpzKMh5nkxe3WUmickUbiMyncNFxrjf7P",10000000
"1CGQY7zhtYojxpLm5qGu7Rfra7HmHYrx95",19990000
"162jjtTEfDtwev7Axvci5Kmasnfgv8gmJA",172168
"1G2kwy7WZJUxqXbhEwiFxsLzXUDP6RwP7T",1000000
"1EoKjWfePdKBJ3DsY13rwcEarmh98hVt8f",5000000
"18VzBdBtWp6zt3NNEzWoSDE4VEWxqX2Qre",120081
"1PDF6FtDyWxERDBcEnkeFy58j2HY6B67J4",1990000
"1NazpXiVo9mCKwWXzx2oCRrLCfNFtZWgHp",25000000
"1GiCS31GS3gBHkELnZBBDCrQG8D2tgFssK",3818174
"1NkDw4GTHdJAmXhoQptzB6UEUamzG3jtrN",150000
"1B2o6mRF8n9aEbUKjBFYAw9t5vc1wsewoM",14880
"1LEBj79tZ56Ti4dQMJsNCLJ1WvpZG49wh8",12030
"1HJUe2xibcAeqMU4Q6TEmVyL4cnBCRg94u",14800
"1NQmN8KxqTfsn9AFa8TShK91RuJfrms67X",20120
"1N7rC8myT6tYnehA4soYbso8Pj69P7GXus",10720
"19SStpJERPtkKqJSn3BR8A3XMec7mqDhwA",10560
"1KafCLQRsNgkjn1xPASku8cEcb7LHqug8R",12340
"1BwigJc942RrNykAKVSnUeJTYuhUgTJk3s",16320
"1CbQ5s58SY8jrW9AEx3tSs2uqoBSsBUyqD",15520
"17r1ZgmZMBxRXN9niEdack2yXdEPDkjXp6",10560
"19QunhwnGv7QUNHL3A82FJwta2ZvU83YJ8",15750
"1JpGjcEuJ11ucS4S88bmXASM1rjeRvpceG",19200
"1Hhnx4JuvzyTMkTkHzDe7UtnGySHwB3jMJ",13120
"1AANat2p59Hm8mJDmKTAboTzncKnyEZyrD",24320
"1JuckY8NH1a3Y7sAnqyY9poptjAfCBc1Gh",10780
"19ztUZDCdZoi97tpwehayTQDKdyykS8jrs",10160
"1Nq94vtxJQJS6WLWcBMvqs6FruMuop9iNx",18160
"1KgsCFDxBy3gQgadxhJfNkBgEkuTF3fAma",28600
"13xRf7oGZgUmTKCz33MBRNFq8ho71ks9CF",20770
"1GjigoFQFJqvK1B2841uFcDjvPMGfPo18L",20160
"15KWdBPAJ73eRwew3SMAP4Gd2jjB1s1cVb",16800
"15f6mGM7UErbaSvArVQ4NgbSQD5yV3Ci6n",17120
"1DLG2n7r8HKeUDv3z5iz52v8ZDv6PNNtUs",12160
"1PTVPiYCmA4aZ8S8ugxGp9UU3vPixbF5tC",80000
"1LG4RjbUqmqvxYikECvDUC6zNA7zkaY8mE",12980000
"1GiLCutafK3xZn515tQX8gsTmAydAeQhT6",90000
"1DVeRpskLiPgRd8wHnjpvA8VwFrXUTkEbr",707893044
"1J3w4x7WkV5L61u7GrQpFM1NNWRgCjkZZH",1000000000
"1CwPUJBUV8BWNmyxYdNCh9hbiQKCC22dQN",25000000
"1E24FqFGVDZzdZiqcuXerWs8t9vRtxPPT6",500000000
"14nYQ1s6ejWRf1ND9cqGJoBaHNbR31eVmX",1035177
"12EF5KY3iaWHAgaD8NAxKVpVMEnNkj6SjB",183140445
"1VJ8iiE7VDbcPH7Aiu8UqvV5By8QRPEPM",10000
"12Sz1yjHkbM4QXFbd32staHs3czgYTF64e",4000
"12Sz1yjHkbM4QXFbd32staHs3czgYTF64e",3800
"142zdPchKK4KVctNAsaszNem6BZY1ekUgU",9950000
"1CTuQTurXHEj6XtJapXWs1Lw8H4jXumPx",4480000
"174qoa78URX8dEgcv4MC6RDqECWtx6wvdv",7787700
"16tPuneAvJ5nFxeywvP1hSoqWLaY7oG5no",99910235
"1GQ5d2HfdyGMXE1vVMAiNJmwLG6hLU1LQV",2579300
"1JXgGKMz7bMs6QeepWEVSNwAmvdExMqVzU",5014377
"12v6pCBFaKvf7JqybKACpbdM5PXTbTJ4VN",10006700
"1jxcgvWzpkTE32rb87kXs8p5eUhiqBwGh",19070
"1PCCvwXrx4oCADq79Wa6kh45jVzECMR6m6",8690000
"12KUgTy8SNtGBCrvshBhtPHRHi3KuF9PEy",1319990000
"18pFGdERSk4WEaXdKhNQeXuMfWrYQDZzcP",354077
"1Ei4Ch8VbC4CEYy9gdE5SHGQzMFkeEPcZZ",82800
"169gn1G9eBnaCSnhb3rJv8hQkJUEaxsxik",2000000
"1FPHbdoWNoTMCozw7C9tAz2jHZEUuugXsP",515729
"18RLszLy5fZQCnuxUh7CUnK9hfXDgppV1s",40000
"16yV7EkQjmZP9PTdMXuvqMYnQ3GAbtEyiT",1382660
"1DyL4ExiF68jucwf7RMUnaUXafrPwWbWgn",9000
"1KCFwu6aswvG1xwovkJKGyzSrPoHjxx31q",90000
"1Pv6XKynffaxHa9mb73QgPJ1cNje9sNVcA",400000
"1KA77khqMHjdkxeqNDEBfrb5zH8f1UJ2hP",1000000
"1KA77khqMHjdkxeqNDEBfrb5zH8f1UJ2hP",800000
"1KA77khqMHjdkxeqNDEBfrb5zH8f1UJ2hP",1010000
"1Am1RFGXp7cySXcymUomd3Ws5V13DeP2SY",17937492
"14NR6v6W9B2Gf3kt3VQJCrEuAkdTVuNJy8",800000
"1Pa7QwdQ1qoxZJRYkhUKxr5kLnG5RnM1Mv",45000000
"1AZw4h7V3tyne6Dy5YcqbaA93E5anYZBtX",10800000
"1Wk85cfLDLJbohzLx5tgGvBWxGZa4qL35",500000
"1G6QsPFZyWo3hc1CgDBefkyaZnN6FG2t9y",10967810
"1BUDbsHR9kxa2HCxueZ9fwskyfZzTPr6JM",25784834
"1AikcmG53WV4AUAbLCdpxH1J6ojAQhevNB",127198828
"12gsrELPGbDi5hKXwL4mZ2zsmMcUwAfwUR",10514485
"1GqHeTdcA4U1XF9jMqVXZurADDdrvsR2wG",100860182
"13n4xKvSoVmSyi4din4oMysat5tv3pbgAp",20037063
"12yqLsUvrULLvejhJMWnTcEQ7xhHCoSEGC",103745836
"1B8jmA3FahdKD7H3vx1VJ8oihm8dRAG4Rg",213223293
"1LcHgafUBbUnWkWxjhrRg5N2SPfQRzEopd",8600000
"1EyjzgGA49hEHNmqX6VpEhHUyyNwHvjbuS",10000000
"1ADjkNpHqNSGXeRzoGffXaQLM4L2ec7YpC",979196
"1QBBzRPxLsJKRdggxgdQi9s6HkvxKfZvLb",5460
"19YKspPKC6Ff555UgLDuU1ZBNMJorNkNxH",30000
"1EuHtcmiL2NzzxZdecULFmR6w34tMa5RR1",33620
"1PdpDcc268yKp21uhuXeyLsK4CznwXzNiP",14560
"122AXeLto7TXq5vhy2hRM2WhRyKvSFXVrA",14880
"1CibiJSxWQLtLZkCx7mPeb3ZcJXtPGod7X",23600
"143Kswfdo3Z6UPdG9QrQSWJPFwfakPLai7",13440
"1MnrGWXnCob9dUaHzW3W8a68yiLvLXuXB5",14560
"1KoALva7gUYxek4i7vdxFze92aDsJrCEGc",12160
"1BSDJM7GRSRh3CpMiEu6X98hrwYbEnFQsF",13120
"166hpQdeuaP67uAyGJQaVx3bsL3Myz8bxw",13520
"1KbEKhFFrnWya1LJgM8Tmg2qkciwTZ88q",10960
"16EpUf9NYd578F4Uav2UDETotTEVWzPcDr",25740
"13xmkWEb5yTMz3SYxgJpQKV2QkwB7ozbcE",18240
"13fSPHjpssDq6izKDpstkE6y9gevvcACBc",13120
"1EzUiw8VRGKhq5fV1mJGebZXiK2zEiU9uH",12240
"1JAvGj5meWWJUZSjn7u3qrhXEaCpEbQuJ2",16620
"16fY3tgv6tHD5hUFzDnkMd4ZBQALmjBRCu",10480
"15H9sozQwCx4AajhrZHiD44xuUEy1CrdSb",22610
"1MQTSDwrWq9xMxwi7TRaQ8BmhmdQQP1wrF",12480
"1Jjiob3iSHnBbjdcw8y3FKpsy3V4iSd8qz",18800
"1Lhf49gTCyLYZChhejfVJLysR3MVY1cZcN",21920
"19SStpJERPtkKqJSn3BR8A3XMec7mqDhwA",12160
"17ggLKi753zoWQs1Ak3w1VW1kEYPGPDUvd",16160
"1KBWd6EHmcKDCfVHKR5voTg1odJecXD1JT",20400
"1HMaA6Un7XB9xcUamyGB2h9bM8o4HR42VU",11760
"1DMEu8ptyiRbmUVFvk4Pxqv7TxyooH7Xa5",10160
"1EN2ecwdvzf6wVWkX5NLknjJRH21gRgHoQ",14880
"17iT1NKACG3N1c3eJov92voZooqBZeXGjD",23600
"1HRsaYXhGU5VMRMWfUmTC232tuy11faK7i",15190
"1BdvC2AWrw5U85bJZEJwrT3j1FoyvGQJ8v",14560
"15hoNfu422jFPDbRHn4So7eFfGLW7mR961",12160
"1NQrc9Muna2PttLEcWmHvaRggfHG69kMJ2",20160
"15QS9KgX3UVZgLiou9t68F2xarRXNbmgdg",14560
"1AP7T9QZ5L47dP8UMfJPdWrtE8SrNdiehq",12160
"178SX6c3ZLu5FjMcJLyu8W9G5qaqSeNudm",15840
"1KnmV9qvNWaqtmUbxRb43E99xJY9a1vxeq",10640
"1PTErSVYKwiu9R5gqsMVTJ3whNE8ioC3SU",12160
"1DBefLt8Anofk2ZQ1X7vEzuZHn5toY3YjF",12240
"1JjDP5EwbbPgmSXLyByZ1towuQi5v7Qc1J",18880
"1F5nkcy3b991e39ppk2pJtBh5fQp2fF6i5",17120
"146EStjK8DosSFJJ17K63sa5o5cBgicf9C",20080
"1PMBvZJWBJFvm4vJsoBj2cixXCQWoXkrqB",13120
"1Nx3qbHZzxgfPB1NUCfKNt5nADQegv8YZr",22000
"1EpNcpNDeXPAX7aj2jVUEHZn9XgCVeFB2p",17120
"143kLYaSTftAjyYvQFgVFKae7ZjdPLChK3",79962
"19YKspPKC6Ff555UgLDuU1ZBNMJorNkNxH",290000
"1LF4YeFqgJKZau8GPRHTQyqCegTwoV7En",181798
"12GjDEnQZ5DWS9CvHMzyrNJXMT2A4Sect3",10000
"12q2z8RDBhPJFcsQa5JnvGREVXnzrYkhL3",10000
"19RcDvh74shyXk8RLSurvk1TzrEhktzrim",10000
"1NWxQQWCWDymZCVdptcovK3mr6FKSEaNXr",10000
"1NaCwUQXap18cUAZZQZbavgu5Jc7AN6Yvz",10000
"19RGycXhT5QmF5UjNFEykfgPjexE6VVp7p",10000000
"12aQarQixd94FZN1Uz4HppAmLeR9hVyCAG",113000000
"1EwWFNnsXtxGobVNoFfY437hG4GmPUtipD",161571
"18zQNmgGSncyJ5Nw9htKvaTmfD3NgUx2oh",259289
"1LFrJDrUVFGRsSNNj2Gt3ZUCin4ztrK17d",940000
"125bsTYrifDWwF6SbQNEx4Tthp2oaqNP7M",1906306
"1DNuJ5H1cUHDduit1nfH6o4UHWRLnmpp8B",102000000
"1iApW5TLAcicetNC3hKaV5Av15ZgnKP9V",250000
"18vWBj8ssAYzywPWsAWTh4GBgGb7hGrM8K",22500000
"1AfqtFWwnHFgNzDXfmh1H9hDkeS4d4qBbD",1191000
"19DFnLjDPZXDTAUJ5rtkdreg8ZvmTN4jo2",40000
"12JzPhkKazkhuL3rt1yezKKJQZ2aZgiKVc",77053
"1APkHi7aipoixPMPoM6P5p3m5kRNPAR4TE",1000000
"1PHYoe6kPWk7U7bHnL8Firjf4JiRVQVhoe",10585522
"1LFRcxMk2Acbb3yNe3NhcfUfrPfZtPuqSW",25000000
"1e13eaLWrYXq3vbxr9bDa4J2txRMRKVXz",94246700
"1JTJC2Q9rWTdxvLPfWS8LUwHH4RRFNfd2M",327499531
"14ViedHQoVQoMEWtm5Rrdwb865fAa9ZNJq",1990000
"13GZHCVoh9HfQ5jjKmjJvkKxKZwQ14Db9s",6860000
"19wVjHk5Brd3e9p2LKd5AsaHKyF3QdaNnJ",49310000
"1JfnBoURSkjT7YB8K8FNwVmoqQxqGJLhxg",200000
"15kLF7xPSm35196yLMC7Bm16MApDoL3u2C",60000
"1AD4JqmeZpjEUHHhVWgVC6fkT3mHZ13yao",80000
"1PLJqMVpgjumX632xFhggs5AKpoahrj6xF",90000
"1Q8TT4DwpbFs26sqcQ9cxJbfhRpxwHmrMH",1050000
"1A4shHhzmUv1udz9J2p7krwnuEb6T56sPq",1320000
"13mqXa696M4j93c64ztaKesBNorCpQuzRG",1340000
"1KTkJdHWSZ1jhVnX1qHQRse7QwrRVrQz8c",7330000
"12bJwLaVe8cFxA2kmP1BxtuH6zUArhmgT9",90000
"1M37MszSoXXbiirTNe8s1Qe6ityo6b3bNn",73000
"1FPHbdoWNoTMCozw7C9tAz2jHZEUuugXsP",102848
"1MfZ4JmVTw3JC6SBxCjFQYa1Xvc5eYGaXd",2440000
"12YAmKbhDx9HkYUhL1UsUTB9Su76T1J2xn",590000
"1ESfwjSpHi6sRy8e7fR16Ub3Byv1wQKTUq",1006282
"16Jv153cfYjCdqPDawtsW7jENo6ouRRrrv",1026601
"129YPuQAKdtSzsdvrMjeKTdcRKWNiPymFz",1266950
"1783rfXVUL24koT7qBuLDvMxVhyBxx2TXZ",1015821
"1KfKfKmHRZccsvsc28sfmkBLV1jV7mfeVz",1233836
"16TzXeHCHXqmWAB32N1LYgsbCM9mbfu8nQ",1025064
"18gRhSMR215yEucMZL1pCKRFzyEwpbGcN6",1010807
"1GK2Fk3LZX5SSuWvEMbrAwQDf9TCne6ceK",1292198
"1B7ujSW3VqXwPjTQNmC15WRFRAidZVn5mL",10022094
"1C3qsPDwbjZNCpjJSbUFD4UdqPMY6Hqdyu",1025765
"1KZXG1aJzhYAcyPaptDrtxLKimgkbThJDY",1025307
"12GMRNw2Qx9YeDnEKnTYNPMhq6qBoDmAMn",1123276
"1CtExFP9tEfbmJPBjUkBQ1RFoVaMXBnKxD",2450025
"1FqRSSz9hLwZXmhcHniKotRFjB8JkAnA5k",1023214
"162QvFPjcHHPtZQMD1yJLTndMvRw869F1R",2000000
"18i5LPeYqo4ViJdU1XDqBfeRFBLb8fLjCa",1000000
"19TW2xeUdGsuUFAUekZTE63G72ow4c4qDd",1000000
"1GgKgNCTe87LET5c5sf6bG3B4iWw6eaXZ4",1000000
"1Lo1xuS6kEEQFpExeRNXXscRT27ZzyGwAz",374330
"13vx4XWf5VkhByELX6U3qx8nGnKXqzZYK7",145000
"1EkNP8MNG4MCRgEcjeWkDpzJgZbkj8bSg3",1376202
"1GPWvo6MNvqQp7aj5fi3tjTwmgZBZYd5Cm",460000
"1K2CpyTKacXAm3qELv3d6eSQ8w4AEf9yop",111209
"1HWKJhHyNawp7X1RUZs2WFJtVp9thRrAuR",2976
"1TCwafn5MyL5AMPCCqQCTMZsZVEVEQNAd",1000000
"1DekUKJ33AtR6cBACUdVdZcqrZxHLoV514",24000000
"1QDqdZJr4ncEgW4nYEbMB2QRCcu6DaCabt",10000000
"1NQDy2NAXT1aHEDg8b2NdwbLXk3K2sECFo",3950000
"148XLuWPeXqjk9cqPP9cGSXiTrGJkdFxiN",10000000000
"1K5pVztZ3o59Mw4iSzH9zn9DWnKByA9W4y",11000000000
"18awLKMLam2No39hYk8xbhxH3DeivFeZMq",1047429
"1KKP3fEBEMBuxE6hAcBTchL66ZwJk2bodW",100605
"15sVkuNEPqsxNX5QdsRWLXcVLQiiowAbwD",14980371
"12Xdg1ym8i5qsU9Bx6bxUtJumxrEiJWn5i",6768437
"1PfjaJwX49rPHjrRcrdTGk51gPdURCQTXT",520649
"1JTusEu6zgQCjWtGW5QtwR5WgjBFFfUNkd",300000000
"159P8KhyT7oszPQYEgUMvQaJWi5u1i2Kmk",864199
"14EoUpH9PVV69Uc2PyHL5oLQgaTikusUYc",22000
"151yCM8n4yQWv9dXru9dA1egoXfn6a97Cz",266898
"1As5dEmybxQuX5iun2uj5iTek1QXEhMNWm",1452384
"1EdgQw3LmJefzLzF7bBRkwh31RHZC5MDCz",50000
"1N8DTnLYEitotD4Z1yPS4XjXJrX2ScYKk",40000
"1JteXAqwuEChE5y8XZ98QgnACLS5a2WTr4",5460
"1JteXAqwuEChE5y8XZ98QgnACLS5a2WTr4",5460
"1JBVF25D3JrYgKTqMxBvXjZZPXqYJH5v2w",7296
"1G4m6NzVkFRPRw1S7gNmdqM9FabinJ49nr",3670000
"1CcWf5zekFZVp96EzPcFrWN4XuRsnLc4KM",111990
"1BddPNE672zw7BaYYpWHwZ8nXeyaywnrZe",2383480
"15A2fcgTWcS1KUwYPZHZRNteiofrf1cr4C",24610
"1C9k5vTBwbUua325GcrKhhDGNvBBpHwuDn",8430
"1HMdpxgEGk7hRpmo3UW71JfS4HXMEZhth",90000
"1JnsYaw7CFi8thi2EC7guL7ng767AEgWcB",452774
"12kv8CSB1VEWjA2gfKFjnNVzVDCU4gfj82",390000
"1DjHnPSr98cKDHauDvhpgnSMpfFmSzP8Bu",990000
"1P7VYcnSCFZLPuYWJyhEZTY9BB7qxYVyZW",1000000
"1JteXAqwuEChE5y8XZ98QgnACLS5a2WTr4",5460
"1JteXAqwuEChE5y8XZ98QgnACLS5a2WTr4",5460
"18ZK5A8f4YgpjTJMakKEESEDyNsf3d9z14",1000000
"1JPRfTtw3Zto7RcS6mGzBgiVSCsqN4hqbd",173905674
"1CbsdirG2Gv4Qwy61NpUmF2ncYXP3aM4Q9",253818
"1Lza7CbY9QyxurhvHPht55aMFshSqEGepE",9595
"1H9NLVLbQfNx74SooVufYrinwtpGHht8S5",260000
"1QzgpbL8js8PPaYBtD7kBPBWURZLQzUBw",1477000
"1QzgpbL8js8PPaYBtD7kBPBWURZLQzUBw",1477000
"14QYBTDMDEg87nQ5cD4NQ8EUMU8JGW4jmm",7121140
"19ZqAvsgUwUx72KTEd7pX7YpkFyAog2rQC",1473040
"1DweKHd6TFeYkXTHgoqBTUfRATbmLzwaNp",1492392
"15zfpEPRhWcC94TzzTxqjjB3nrNz2RW7rq",199904
"1ZpAJ4vuzx3fC7gP7o4jH5r5W2QpehuK9",226405
"15kLF7xPSm35196yLMC7Bm16MApDoL3u2C",45000
"19CfH8KJhiVeDfFNQwVCL9iKEMFoGYMT7Y",66000000
"1PqP6yZbYCh196fQGQciNA2E9p1ArB6bqJ",1000000
"1Lzs1t7EeE9m62DYxNa8jGJM4Ji7NwCEjT",8836666
"1BykyL8mHN2KMrCYcAderDEcXqCMYa3v1m",12800
"13YpXk3pm6nMzivXL3YcGxWfNSxjAUnBb8",12160
"1GZvd4n6eRKqYpcdewZjztmcunU441M5DY",11140
"1MVeDVpthnyt2C2Zru6YSUHkust49woT3H",10360
"19MKruVUnXmXq4UnMFxftPwFH7nyqXe7cM",27520
"1CE4nT14YhH494ot8KQ8MaatFfcpMoCdYH",18240
"17QxKKQsJMsFbRXDhEYF1LLf1hnL7cbDP8",13120
"17WiJqM2NCwgp2p7H21njsnLNTtWvBmwCu",26160
"1QHo5JLX72irgmkFMDKbtQVuqb2LbLY5km",13440
"1P3UhPYKszP24rtnxPLdcDbJRLVKcPprR2",22080
"1JicJhUzXD5MBtye3omPXseuLGZHA24AHa",80000
"1KuamDWmCqEf5kymA7izr9nwMh6H2mgj4j",138024
"1KFT6zYKGnSe3QjY64cf6PDRfDqEQs8b5c",14625520
"1BNizn7ZArCHNVmhGKPJug2NwwXgaFRn32",279768
"1BNizn7ZArCHNVmhGKPJug2NwwXgaFRn32",170200
"1JteXAqwuEChE5y8XZ98QgnACLS5a2WTr4",5460
"1JteXAqwuEChE5y8XZ98QgnACLS5a2WTr4",5460
"1xbbjJcbeD4Qi88QmJmMgTFSdm7b5WCG4",50227813
"164GgANFXPRaZ8isg9kYvhTMUAQhDjM6Qd",1015248
"1LyruySLkhsmkkLQVXETGhpEVT65wn4a5w",1928942
"19r3hfPCrJBoqxB6vK4SHFSkxdeeVm1dGo",1406376
"19JfzsAGmHr9SK7ybGTdfs9SYqcY5vRHJ1",1013494
"1H4MvojzLC26QyarQqaaJrRNyJQD4NfrGK",1207027
"1NhB13ttZWJ14ytw75P6WmJfmEV1Y6UT7Q",100000000
"1KKhHFjERpq7fPYRDp66FdD6Bk1fRfXkMi",100000000
"1Csdj9Sqc8iaUyE2EUPoJev9EKzZJMMNPF",10000
"1J5xt2VHwemn1qeqNgcHdCrE8BMRU4qr6x",900000
"1Lj4W2n2xMUe1fHnEoJ8Drn3TWWWy5UeZY",1500000
"19aET7fb3VKSBWCEvm6T1HpE2mgKc6faDD",136836
"13DZk76FQAbUE99uLm7yJT1SQdKnfc6uHK",2270556
"1LJWmur1TtsSR81zZt7d2DdS2dKx395dtL",182696
"1GcWjC1wuwngBTNxYWwTtCaBZ6q14boLZo",100000
"12EzE1jrFAv2GeeBV2PYzZ7jJBB1e1XDtJ",46192
"d-dff768dde906fabf72f67811df067139",0
"1JeK2pw8HQ8MYM8nJqrUt4jGX4E4n2vuU5",47116807
"13mHzsierHSR9NKtkr4nCJM42B1gksP3Mg",27098007
"1Ppq2YaEiqM1CqAbaKe8B9eTxCYQeQxb2G",18802141
"1Miningm9uQ88cPfzSPEbvL1s5jwCffkAo",14014946
"1CTgYxMTY5j6SLytKeMsBWAXuUc6yNKcAe",11654314
"1QnLqweKzZdbEwHAzxJNZK2EX1qSQvgkZ",7877469
"12KoHCfaPLQcmb1hznNyfLfarh9YParee2",4769017
"1MvgSQGEq5zwMgAm5BviHbaGo2eRrBDksg",2608402
"14FC1met4WmKPodrjZZqAMAiZnb1Zsd5RK",2183224
"1DT64QpM1FdjtLy13cjaZ1jU4mv24DuRJA",2182541
"1PRn1QJJTPpCqux7gsfvLmzuRkyWCbPQJK",1810687
"1LBbaKjuyocK8bs7YAWjbiqvViypiRZkhX",1651465
"1fFbcxGeYZcqCDQ2F6Jrq5R9QcBn3EQ2i",1464826
"1koanBcLc3jyxTQ7oNpCu4gzbwWRWVHFK",1445125
"1aYiVbZSgveXr26m9zJ9TTxR3u4KEQMaN",1139675
"1MinerXnsnX6Z59HjhwJvc2txqeBPVbDMg",1031024
"16Hyu69FNaeKPhXngXENyJync1m8mbGpvo",998250
"1PVbiJW6pV1UKsrCuDqZbU7VsHBmFzPUKw",970691
"1GG6Z7ERgxE1nMrNSRqdc28f7Sa63eTbik",748671
"15nVhBrHdMGq8x2jXVebF19NcaWTqp1a2H",734336
"1KvT9rETFqdd2NhGLU8UYqVKc8vDdjWhah",710803
"1AEtn3Sofpb1Zo7Xd2wz2fiWvpu22vvwYn",700573
"15cu7n3YNrHSKLt3YTmjvKEs61XbKGEwAR",416912
"1JftvfaYRRsX3yFFvTeSDAVKvxSregfsKe",390363
"1634GKobnfUCbYjfDjzsXfgwpaXM9phxqh",374155
"163vc7EjEy5LgoDXh5tNqPkQiqG4a8aYL1",351220
"1JaQsQeFX3jmCVNHWfrwpX5BZeCdaWz4Bt",333693
"174JZEseLCfV3mxkJ8wnvt3Muv98juhGQE",90000
"1K7UJRm1QvY73d8oxSzBCYMEo12gsSQgwK",66900
"1CtERLbtJb8bqAy9qyCmCWbQbNyaqpqDN7",122129
"167UA1GN8aHxEhuQhQvqsowVCDDTxKeY4i",11615167354
"1QERXDTp8nfPWQpk1wUiFzUBzyzud2nL7T",33376
"1HUHJKNfV9apxFkwk7GoyhEyGGF8WRWdtt",100000000
"3PqoozYqgoXMfGVTRPTayQh7jLRDVAHS4s",50000
"18fX91sUcEF7gRT7seDp3war13NxujBu5t",90000
"1DGq7QbAhuhN599RjoAqCHnuQzVVKBrVnS",990000
"1GqibYBYkNyP8DCnrWRrnXEHrDF9TKMt59",40000
"19NHpv6cwhJYGeQUF5EL5hfZdr4TwjjD1D",150000
"1NEGJ8V3R6VXY4daoBBMgwL8GaTQfsr3RV",990000
"1EBBym6q25XQfUyRt1RCff1jw6UP283yzB",90000
"1CP9GT9wz8kumfPjBnJwfEfyUXw7snDs8s",50100
"16VfD9yvHq5Un6jH1g64zxj9WcDEsfvkhP",500000
"1Buk4SuWDnSSqJd5iJo1xyJ3SRy4T3FpMc",65000
"1BLXq9Ggvbv4pMCHehtSxPPoV9f3TkYeUe",1000000
"14PuUmgkm4uKNZC27oAPcR63wxe45znbP6",1000000
"1GgKgNCTe87LET5c5sf6bG3B4iWw6eaXZ4",1000000
"1JVvYBr4M6ndCro9FY9mrRmb4aaGkm5mKc",8319
"1HBvWT5Y78tYAG1Q8TmFXUxmFz6hZkpLRB",9126
"17QHxKrgwG4fDdjZaVUJaVYt1kbMDASWBW",1000000
"1JteXAqwuEChE5y8XZ98QgnACLS5a2WTr4",5460
"1JteXAqwuEChE5y8XZ98QgnACLS5a2WTr4",5460
"1RqLVcLTwSEnYaRqYs55fAcGwKPkpMdeV",40000
"1KFffZyppRCEnCmQWuPDMmuTbMAyDexWKk",1000000
"1Awamat5uwQF8gqEw8XxU9j4dZunuRf4ER",950000
"1AD4JqmeZpjEUHHhVWgVC6fkT3mHZ13yao",37500
"15H3toKeuZUwz6p3Rn8uAwpVg1Dd7kgSM4",90000000
"1DsQubpgagY8peKW4Du7LjbEXcEfXReBPY",60000
"1HgFUTRGftDSB11tYdv62FnFp6HNB1ZB2N",12840
"18gJhCXGWUD8MpiCvG5rbr5qava857Lgpr",160641
"17ha1BYhDmear4WqThae681HzzHPT17SSn",162007
"12P1pn2r3AeSpzac2cjPiDBCuvgus4gnjf",167744
"1D5qBArsq29qASazA9wNqr235s8s4A8hQx",171842
"1GwE26R1FVPGHqnUBDaAgdc5tBWQwYV7RK",183316
"1CfpFnffcA54FYFjShQpmgdcrbFs98FBxE",220198
"1PDgjxWin9dtSoguMouPNsy7dLzLYmRcHb",252982
"19LSHErBbSp8E8hA22FsNvq4MvVyTSmwGw",452581
"12TeDqkdNWXYafpghVAdK4DTnec5KGtXRv",493971
"145zz9jbGtdrVDXZY9jvV6VaEMTLMqW7Sg",11450
"19gkoEnCgrPR1Cc5jzTjhUVWGbbKuRXnwL",13760
"173XLibDK55gyWe1r36p9hokWhQetAmJiq",14640
"1LMbML928gV4xJZRBVB6Jo4VuqaSfU9hhH",11190
"1CpM7UtDAkBecgJVBoNzmd6eW6zu7JE7aW",12000
"1JB45ZyVJTYdfDwfxhP68B4Mi4QjG6fjc6",12640
"1DhSC1e1FtGNcFPWAYk2QhLDKQv52NsrQN",12080
"1PQ85aR9wqzcfTV2BcBABzLBK2nvNfNmER",14560
"14PUebVa1CpYuFVEvdyCB1vG37SpmBtWQL",30000
"1PCsNa8fkQLFJ6PqGPWvjsN6e6hMfTmujw",10160
"1NDDTmwocUQkNfPCiErXRCi1ybE2rSCQaX",29200
"19w2BaSh4wxzSwdYWeJaL5GuAmGpYzbEWt",35120
"14gmZitAw5qrgNvfWKGa5eeBmCUVkyfkBf",20400
"1HKLu5LGb7MpZ1w1ZXKpXgXM7yWqd8HNGB",10320
"1ELg9cXvazDvCbfkPbxBTgi47wUigD54pF",12390
"1LdjDaJTgcDiWhZe7vACBhp5BwG4cWFqwt",22800
"1BG5LNUmXbFN3jhQVL2xu3BJXmZoYQVQpv",10480
"1Fv48PCzKAiQNFYSw9fFgbsi8w1bhUbz9d",27520
"1BEYwjtkyUtSAwdSrduYFBEoPFbubi7Pi1",15600
"16U5yWNwnUx3DuwY1gQEiSv1PC4bMvn1Fs",24320
"16UeeuN3Mwh7w2mzU3JcCsdy5HJnNfPFRJ",18000
"12A6irPZ4qeAWvkxum1szjJSdvJ6792keL",21280
"1LYrfZ4fdp5S1RxRS58JxgQ4wGjg14rmwh",23680
"15rMcFGfv7XKzagFLJrj7zporLeC2wNJMi",18446
"16gjKRfwRqYEAxSNNiYgr4S5iSG5aF9Py5",10000000
"1B7VxVzib2Qcv2UpDZoVQC3txFHixsTd3z",10000000
"1JxEp43UMuS4cE8ZiTn7VNk5XcE6DBJ8UY",40000
"1M37MszSoXXbiirTNe8s1Qe6ityo6b3bNn",45000
"18587wg9o7L5T1HMx5LRRU3CY4E6yadHWe",119024
"13uZiGEe1nCkNwCTn6HcJwpZiE5g1RSWxX",171174723
"15yREuPuEwb4AA6fDMYfbnp78zov37C8XQ",25000000
"1G474e1VHdmAdwS61FQ9y2fKdCZadmMyHE",8000
"12Sz1yjHkbM4QXFbd32staHs3czgYTF64e",5600
"1H1rKvrfPppLuQuPzTy2w5aKNbM9kFGLdm",7157826
"1AJ6sNTabsCxUPexmfYLmSPfA5DSuRCHms",34000
"17sitqesPZqYGvScf9XqDfiEaxMKkffTgw",60000
"1Dqvk9RjW8GnpeDgos8kJk1XJ3FcmG5K86",500000
"1PusfMgF8usPGtGWGG8DP24Tcig7xDo9Ag",100000000
"1NS8fhdaH2DfyjFnJfvELLwZndJmr4otC4",228616
"1F5UxXobKHQbg6X7e8KAfbQXsfnXuD14UH",55137000
"1GMoaxNypS2uujDonJrqegeCweWLHX3KBZ",19001
"1PLHTqAN3VUcMxCBigLK7carjmbkcHqQnT",2013494
"1BYsmmrrfTQ1qm7KcrSLxnX7SaKQREPYFP",2204799
"1Bqs7YE5GG842bbQ9sLdSGSGs28y4uXTiD",2438100
"1AWKEFoSTubcNz2aaPSwBffb1p7NHFgA9h",1283126
"1Jjg3rB77vyFGgwQqHWvcrn1zgntYYVhu",31760
"1HQk4QzZq7FtwJFTFyKgQjr1Umi7BzMsWd",21920
"15hoNfu422jFPDbRHn4So7eFfGLW7mR961",12000
"1AxADfvGXuVyisWhsjkUm9uitdkALhD9z2",14000
"19FcW9KH9pXA3Y9iVqPBucXnGa8XyHyPQN",11920
"1717TvLpK86eJFqK8MRTK1UiHnakwc4HU1",22800
"16XkhWgPjUk6iqyofkLkg6pEBzY7HN8A3C",20400
"1KKyarNG1khNSdZfKUCfLNBgWesuGfeKPT",13760
"17HUAbuAeJfn7aoNR78BcVJS958WkCwDKL",11520
"1CiAk8nZBHvyY7MEu5DdQcE4pAiS6V1RTr",21680
"1EQ7eAsBVgFLMeFBzpscUSjYiJYUVAYQcF",21840
"1QG57WWWwKLVJbLYqVnCi2EK3UMsDFf78j",13040
"1EVsNNdUPw1HU9oKADjdV47Fp6HNwdgVy6",13760
"1873tCyweo7CCRw8Zwi1hMUrQBVgMFkhaE",16343
"1NJyYwMj8qnc4ZcLMbAksJKeR8B1qZt58A",16343
"1YNM51hf83Qj3DLEd6NBqgAaxK8iF7vf6",767158194
"1NQVpLicyERFhPNwqvhrMYRWtk7MjR3jEL",21520
"1FxB8XrRD6RyXK1C8Ca2qyrFCzsPLXa7H8",80000
"1BdhzCQ94itBLJuK35NoXUjS86wCiGRbfQ",10000
"1KFffZyppRCEnCmQWuPDMmuTbMAyDexWKk",1200000
"1JteXAqwuEChE5y8XZ98QgnACLS5a2WTr4",5460
"1JteXAqwuEChE5y8XZ98QgnACLS5a2WTr4",5460
"17NUAzSxioe4mBVKRzZw2NUWVYE1kf3kit",202012
"1BHFKboiNQegEyjwTbN3WjtjWtU3WFKYps",8164
"1JqdadgxgxrnbEnfvohxtaSNbHt52kVLtC",6518512
"19qbkvptVC6DqGNvjyrX2qnVUAa1CkRAoX",97237
"1ptEcmd2YP1g8goT4TEva4YQUaoFG3bCg",71900000
"1CaEey8kcYVBPJKBxpyk7NiipK8R9yDUm4",345000
"1H4ypa4XrVcohe4mVciDhUWtT7WC9pwbWo",44076
"17NUAzSxioe4mBVKRzZw2NUWVYE1kf3kit",16078222
"12SRU7VA6dk2LLUnqNBY1TEEc31LaPSSYf",10200000
"1MZmKLfgDSRdBQYCdc6JVspj6zZ2s7wRtk",2000000
"1CYv5cGm8VwafhZd9jV6kVxXHL6FQXyAmU",11361
"1GppAYqZpqRmx5jQcQiJw3H7BVej7jaBPn",3091
"1E2QqZ2Kqn5PTHepQ6DD7uAZNE1r1dhSH",4
"1NTk2G928Nev5pL5BEvaagW26N2Aij6wwx",400
"13n4KbYbx32Z45qkM9oTL51GSCWXxoqcFN",1200
"1fVZ7NeGABCSiomMTJAKLsVw8uxuWE6MG",4
"19M6Z8e8NwLJMs4qkh7FzUoUV1wZF1rLij",3
"12pFrUwGFRe4hd4aAQo3TBYLVFNRaGj2ji",4
"1CEc4AH2i8uvWkHxeFgo1R6f4p1NcArnYY",1600
"1Ensnhm8vSUYRLeLJVqe7zPf6kpau2urSm",404
"1NqTKTGVPd5qbnT7QPJ9sQmVSZw4dAxMZ2",16
"1ESWxCh67F887dwdQwwLJAE6B6pBWc1mpY",12
"1DRtDyF5hXqUw2jVYUqpDNd9HsK1GUcgr",2010
"1CLsbEkRC3PGpFELmkRvjrJVSmGGqFejo5",1600
"1NQrc9Muna2PttLEcWmHvaRggfHG69kMJ2",1600
"1E2QqZ2Kqn5PTHepQ6DD7uAZNE1r1dhSH",4
"1NTk2G928Nev5pL5BEvaagW26N2Aij6wwx",400
"13n4KbYbx32Z45qkM9oTL51GSCWXxoqcFN",1200
"1fVZ7NeGABCSiomMTJAKLsVw8uxuWE6MG",4
"19M6Z8e8NwLJMs4qkh7FzUoUV1wZF1rLij",3
"12pFrUwGFRe4hd4aAQo3TBYLVFNRaGj2ji",4
"1CEc4AH2i8uvWkHxeFgo1R6f4p1NcArnYY",1600
"1Ensnhm8vSUYRLeLJVqe7zPf6kpau2urSm",404
"1NqTKTGVPd5qbnT7QPJ9sQmVSZw4dAxMZ2",16
"1ESWxCh67F887dwdQwwLJAE6B6pBWc1mpY",12
"1DRtDyF5hXqUw2jVYUqpDNd9HsK1GUcgr",2010
"1CLsbEkRC3PGpFELmkRvjrJVSmGGqFejo5",1600
"1NQrc9Muna2PttLEcWmHvaRggfHG69kMJ2",1600
"1E2QqZ2Kqn5PTHepQ6DD7uAZNE1r1dhSH",4
"1NTk2G928Nev5pL5BEvaagW26N2Aij6wwx",400
"13n4KbYbx32Z45qkM9oTL51GSCWXxoqcFN",1200
"1fVZ7NeGABCSiomMTJAKLsVw8uxuWE6MG",4
"19M6Z8e8NwLJMs4qkh7FzUoUV1wZF1rLij",3
"12pFrUwGFRe4hd4aAQo3TBYLVFNRaGj2ji",4
"1CEc4AH2i8uvWkHxeFgo1R6f4p1NcArnYY",1600
"1Ensnhm8vSUYRLeLJVqe7zPf6kpau2urSm",404
"1NqTKTGVPd5qbnT7QPJ9sQmVSZw4dAxMZ2",16
"1ESWxCh67F887dwdQwwLJAE6B6pBWc1mpY",12
"1DRtDyF5hXqUw2jVYUqpDNd9HsK1GUcgr",2010
"1CLsbEkRC3PGpFELmkRvjrJVSmGGqFejo5",1600
"1NQrc9Muna2PttLEcWmHvaRggfHG69kMJ2",1600
"1E2QqZ2Kqn5PTHepQ6DD7uAZNE1r1dhSH",4
"1NTk2G928Nev5pL5BEvaagW26N2Aij6wwx",400
"13n4KbYbx32Z45qkM9oTL51GSCWXxoqcFN",1200
"1fVZ7NeGABCSiomMTJAKLsVw8uxuWE6MG",4
"19M6Z8e8NwLJMs4qkh7FzUoUV1wZF1rLij",3
"12pFrUwGFRe4hd4aAQo3TBYLVFNRaGj2ji",4
"1CEc4AH2i8uvWkHxeFgo1R6f4p1NcArnYY",1600
"1Ensnhm8vSUYRLeLJVqe7zPf6kpau2urSm",404
"1NqTKTGVPd5qbnT7QPJ9sQmVSZw4dAxMZ2",16
"1ESWxCh67F887dwdQwwLJAE6B6pBWc1mpY",12
"1DRtDyF5hXqUw2jVYUqpDNd9HsK1GUcgr",2010
"1CLsbEkRC3PGpFELmkRvjrJVSmGGqFejo5",1600
"1NQrc9Muna2PttLEcWmHvaRggfHG69kMJ2",1600
"19w6d4H9SmQzNzHivg1U2FjCWsCBpT8dig",8494
"1MiqwGhCaJiA8NJhUqGpVwxjfp6SGCNiG3",444614
"1LBLcM6dyiYVU3VdapXbsPLfaFqtEczRbM",10000000
"1Q5iWXpmfWoVXagk6a6zpGtY8cNYJy94sF",40433
"12P1pn2r3AeSpzac2cjPiDBCuvgus4gnjf",346963
"18gJhCXGWUD8MpiCvG5rbr5qava857Lgpr",594207
"17ha1BYhDmear4WqThae681HzzHPT17SSn",664146
"1D5qBArsq29qASazA9wNqr235s8s4A8hQx",668244
"1PDgjxWin9dtSoguMouPNsy7dLzLYmRcHb",961660
"19LSHErBbSp8E8hA22FsNvq4MvVyTSmwGw",1695117
"12TeDqkdNWXYafpghVAdK4DTnec5KGtXRv",1880755
"1Eh4MyFv6cCjFhysda33t9YvZVDciGZZKs",1014692
"16CaaSZMAnhTcW9efjXtH4NdMHmU9How6n",1014213
"1CP87EV6ZfHx5sfivYikVy2tMo8YNS1ng5",1016333
"1dERVN8YwroRnFogG8Z887FWkPvBeZAuH",5202606
"1M8AvpPpQDSYBc64PzMmp21LjZYm2Uzz38",2732753
"1K8yrYWn7PKt8WoKGqx1aDWCZyyvAUM4c8",1254992
"1D6dLvCLeMhSPVQ5XH6kUTGuioD9YG4uNE",1010454
"12vZp6Dt5xARk1Q3AAT4axt9regyZrxoT4",1119011
"15iLqH7Xu6z9aGSgreDqc3baRqD5hDKDrp",1212594
"1BBrufkMednkJwDeNubEsrjttssJew7ogS",51742200
"12s4BA6XT6FWYZhaXivAd6s8KtP1nvJ9Lu",74436790
"1Jt3ciyeciHwqUPiEkWgFSLnwoG5whJLK6",6000
"1HV7fYHXA5j4av6MQmf6FMkUYgVq7Kp1j5",2940000
"1M9eBS3yT3nNWnLU3MhtbxTEdVYSkwXsmW",400000
"17NfwN3V669ZUcQ1gSSy845RfkgrQU7dd2",705600
"1GiC2wYZZpHcDauvHazyydzvuwHPQfRpwu",1000000
"14vgsTgcHafLCRG7W5XtnSqwNPftUpQY5w",2000000
"17V1Yy3FynHJ7JVqjpbEY4KPWEHRH4tram",911111111
"1H4m9cJJghpcsH6ZkVToSvanXH187nCRMB",5000000
"1M9DG1Fj3FchnbnHrgkMzD62Qm66soggWL",22530000
"1JteXAqwuEChE5y8XZ98QgnACLS5a2WTr4",5460
"1JteXAqwuEChE5y8XZ98QgnACLS5a2WTr4",5460
"1BPgSnsa2nt87UGXiDq5N4qUW4jGpamHw7",105777
"1KjiFuxv2oG8AiHgJhjVo9g3mgDMhAoKGt",39329
"14qEwqRYT7WjksYriWh7WzcQx6iugPPBoc",1071052
"1JteXAqwuEChE5y8XZ98QgnACLS5a2WTr4",5460
"1FnwAGZYES5MsjtJGVg3CCwmTLgQt52Wyz",199550000
"1JizHhYgoaemzQaxxKs1qZ9EhxJcFmmDC1",1620654
"14qEwqRYT7WjksYriWh7WzcQx6iugPPBoc",1071052
"1NKdVvRQtiX7tTkm5cDjtp3KMtDYf9nuTo",10460
"15ZXyzDQL1fmXrDwAkEC2qZagwmovQzGgp",10720
"1Fos2nA3jnkki8Cjb6grCTixAfegHCN9Um",10880
"17eRNCQPCj1dnFZ735KkF7dcaL4znj8D8D",13200
"18oUB8ECCgvqpdxtbFfYa8FMx6yWh3AMCE",15680
"1AVQZMTpiGkY6pNENmP8VGigtqZej5Y7YT",13200
"13RDSK8Qt9vSgxoeNzmoggFS35KHyahpBu",14990
"1LZuhVRCoJetB88x814QWqUcSogPcoT6y2",16790
"16qb7i1xT79VsRSmd29RzxR3Ww1qPNeKwK",11350
"1fVZ7NeGABCSiomMTJAKLsVw8uxuWE6MG",25120
"17E6yiRFeh7PcyzvVUZokNiYHomyXcGFRJ",13280
"1JH2qhBeCqdP67fX6c3HLv1Bq7ffKNHVRR",21840
"1N7rC8myT6tYnehA4soYbso8Pj69P7GXus",14720
"156VvjPkRKDrJ53nGzt3NRYbBgBttEPbAN",12880
"1E2QqZ2Kqn5PTHepQ6DD7uAZNE1r1dhSH",26480
"1MUJvdou7Nmm8nVX1GTVoxYkGqikpX4cYu",24080
"1EhFveSc7HZVzbNmkg7UaTtx2gJspUnt3c",14950
"17TNcHAp8dLkzAwxmZtshvTLgwLfdUAyss",25120
"1L3jdac87QJVeM5Wgvw57HmaDKvbKdt745",16160
"1LDfQUkRtX9ZNY6nUuQyPPNcyXXAMq29zt",11280
"14Z44spa2WGQZWAQR23ZAL1mZQHBdnNp4r",19440
"154nxEhWXtsiYp2BhkaesvHvNr1aTDBdRL",16160
"1HA6EWHxiiEXr91Jyk4JHyqVVSX1pD5VDZ",30800
"1EGgmzcr7KKpasNAPUPkHT6UkNS7d9iiPA",28320
"1NqrJcBLpR8TJ13NHCCXAnz18uu4kmLoM2",14030
"1Nsu2JMYvLYdPVbVfDANMMTb71tpqwSvNj",26380
"1EPWtk6hLLEgAxCohbXCmhJjxPLNsPLHFH",10160
"1KY6bRZAmzc8EHSmpqhEVMWkw46Qbu6Vmr",9236
"1M8j4cmExMigwdG72SQ5WskLYVZjr33966",3560239
"14qEwqRYT7WjksYriWh7WzcQx6iugPPBoc",200000
"1PJKMKgaQUFYSBASLtbFUTRqGpemvNtqjv",29872
"1JteXAqwuEChE5y8XZ98QgnACLS5a2WTr4",5460
"14Max577h7H3XUMgGsMirhbXD5mBQ21vDv",15010717
"16pcddk8c6MFKyQvL2NvuWEguGw1R8B3VL",110167376
"17871QXw38Bq4kZSuzCsLgkWNs9QoeJxG6",506360046
"1HZiZcqJcdMQmRbL2cwMYxs6ihu8ntvTW7",100827201
"19L5nr33RZcUgtzQYanrgSjpjzP7eS4Mb4",30000
"164VYvmtDR11xKjxvpGpMfpPg52FdnXc51",1037456
"1LUexfvEJAu2x6UEPtkKcQmDpKUL7FYuCQ",1261477
"14PCiiL5bVPkfdFyaLQtnVshRYMD5H3ETT",5338250
"19Lw9C9K4Zm9wgbXvc7yD1jxV3LnodCU9k",1011090
"1564jGRpxY3te7xi4fYUeSJjkgwBx9XdX2",10095346
"1BDAggdp4MVsiRii2ej7dGasnU9Mz5hNDS",1080593
"1GWmjRnjFLBC38tso77uFqUanbGB4jcDmU",1019399
"1PFicjbsY9YHBXJ91CM7cu27GEPdMMF4cg",1031546
"1CqnaJ97ETFPxhnJvnjyEJfpXKDtEepkdA",1008859
"1DthngG8AB3igFDgGznkWTSKLKXFHXM7TF",2009597
"1DMrYnkrHndxak27ZHSeY1Qc824QJN9RPu",4001921
"1C7FTDoYaPK7McmSs8FpdAQ7MDGQ4Y1bZY",32233349
"14q17LfHvNL1RQttjPBNtK8cQWU4vD1Q36",101000000
"12WXCyuDCzEMc41deKFgFzCPFKCcfVD3vT",490000
"d-c3f034eb74ce1bcbe8f7188c2ae45a52",0
"1JeK2pw8HQ8MYM8nJqrUt4jGX4E4n2vuU5",46632566
"1Ppq2YaEiqM1CqAbaKe8B9eTxCYQeQxb2G",19153254
"1Miningm9uQ88cPfzSPEbvL1s5jwCffkAo",15815602
"1CTgYxMTY5j6SLytKeMsBWAXuUc6yNKcAe",11663306
"1QnLqweKzZdbEwHAzxJNZK2EX1qSQvgkZ",7818417
"12KoHCfaPLQcmb1hznNyfLfarh9YParee2",4019103
"1MvgSQGEq5zwMgAm5BviHbaGo2eRrBDksg",2238147
"1DT64QpM1FdjtLy13cjaZ1jU4mv24DuRJA",2184225
"192afPDW8beSxK9o3kYzNq3AWB1m9tDxtr",2081519
"1LBbaKjuyocK8bs7YAWjbiqvViypiRZkhX",2006478
"1PRn1QJJTPpCqux7gsfvLmzuRkyWCbPQJK",1407738
"1aYiVbZSgveXr26m9zJ9TTxR3u4KEQMaN",1140555
"1fFbcxGeYZcqCDQ2F6Jrq5R9QcBn3EQ2i",1108907
"1MinerXnsnX6Z59HjhwJvc2txqeBPVbDMg",1031820
"16Hyu69FNaeKPhXngXENyJync1m8mbGpvo",999020
"1PVbiJW6pV1UKsrCuDqZbU7VsHBmFzPUKw",971439
"1GG6Z7ERgxE1nMrNSRqdc28f7Sa63eTbik",749249
"15nVhBrHdMGq8x2jXVebF19NcaWTqp1a2H",734903
"1KvT9rETFqdd2NhGLU8UYqVKc8vDdjWhah",711352
"1AEtn3Sofpb1Zo7Xd2wz2fiWvpu22vvwYn",701113
"15cu7n3YNrHSKLt3YTmjvKEs61XbKGEwAR",417233
"1JftvfaYRRsX3yFFvTeSDAVKvxSregfsKe",390664
"1KnLDw6RTnvYhKQgj3qGvEZLBsF981Cs5e",354010
"163vc7EjEy5LgoDXh5tNqPkQiqG4a8aYL1",351491
"15RsDbyJkZHCqNGftni1Umau5DmfDbExEW",329724
"12aF177yLYwQRuQQn2SnpTtEsX33xM3zex",11309
"1A8aEno8QC2KwvKfh9gGidTWREfpBnasTZ",1000000
"1P7VYcnSCFZLPuYWJyhEZTY9BB7qxYVyZW",1000000
"1PuvmuRgQz48i83VCHDWfCGBFyBd3EWVbK",1000000
"1HQjm7TKnjK7jJjT1TFGZFAYaTm81oQSi3",1000000
"1GgKgNCTe87LET5c5sf6bG3B4iWw6eaXZ4",1000000
"13qN2QgbYUXn31BX2HmBs6LuMgoYkvDws5",1000000
"1C7FTDoYaPK7McmSs8FpdAQ7MDGQ4Y1bZY",1000000
"17V1Yy3FynHJ7JVqjpbEY4KPWEHRH4tram",100000000
"1JteXAqwuEChE5y8XZ98QgnACLS5a2WTr4",5460
"1JteXAqwuEChE5y8XZ98QgnACLS5a2WTr4",5460
"1JteXAqwuEChE5y8XZ98QgnACLS5a2WTr4",5460
"1G78MUjg1eXEkon1VVuzYTn5ew7xftQjRc",34282
"1C27nHNBXD5y55ZgnSzRG8dTaD7HJNpbSG",1000000
"18zwanE8MMSwaTeyMES1rRqx6pVfqwim7o",69000000
"1HxayyiE8SE89bVQoHuFwwx75ToP4gceBB",40138318
"1PNRpMZYW9YRoLH6FkbzJtQFhygzkZdHkU",15708483
"1NdVHhcYXNLV6WnVcXLtbzLTNRmmNvWX81",10000
"19kJog45APxivZU2zLNHeeL27am6bbGica",205687
"1BAEW5AqF4XV6EMpmNYu9djBFhtxTqjFQN",237694103
"1GQ5d2HfdyGMXE1vVMAiNJmwLG6hLU1LQV",2037900
"1Bqs7YE5GG842bbQ9sLdSGSGs28y4uXTiD",2548800
"1KC9JLtEvnyksJRzUfBqeKhdesmWbDwjKr",1073506
"1JteXAqwuEChE5y8XZ98QgnACLS5a2WTr4",5460
"15XQJpcDmxpjFX63dcg7oD2RsMDWFXCRD1",1293165
"1HzxDz6bnerXcsjs1SC7SVepz8ieWVG7vn",1335
"1JdyuZchHNLH93w6YGNLaWXpZgLXzBaNaP",14960
"1DLG2n7r8HKeUDv3z5iz52v8ZDv6PNNtUs",10560
"1PCsNa8fkQLFJ6PqGPWvjsN6e6hMfTmujw",13760
"1NTk2G928Nev5pL5BEvaagW26N2Aij6wwx",13040
"1NQrc9Muna2PttLEcWmHvaRggfHG69kMJ2",12160
"13cehMuk83GTJUAwUb1cLDo3LT7v1WRVvU",10240
"19tKKkARTmi7hgzM2bPpKc7A5rHxLKCpCu",10340
"1LLbhw7Eh7oAJYqJJHibzhWVTnUCxJEzjH",14720
"1DV4QQyEZfxSQD51pPUmHoWJmY9dwndyeU",16150
"1JB45ZyVJTYdfDwfxhP68B4Mi4QjG6fjc6",26960
"1PKi9Rao6Dqs7a763nGPdo4123L9QYKudw",23600
"1DRtDyF5hXqUw2jVYUqpDNd9HsK1GUcgr",33200
"1Q1gByE4gqJcK6UsEgnjeYd9KGx1tz5S5b",20240
"17usRqWc4ZnAkuZRyt6MAoUbhz5fF5UBSt",39590
"13KUktLqFFHjnaaL23CWJT67kiipRYz9vd",21840
"1Ajjp8YcKjQndtmaA39MQFfiWYVuStXuJi",24400
"1PcyF1DeidM8UFRaxuWrNsYP9teTjLJhTs",28320
"16atNzfJo9CFSdC6Hk3pgpRLLbnR5gQVH9",34480
"1JhVbSxRFJcwQm3sxvxwM4ndR7rGtENnvK",32560
"15UYhXfZwDxUt8nZ7PyHzbYREKuaSWAy6t",12160
"1P7AHgibCUFGiqLuKgqt3yFMD2rs4wkH8C",11280
"1NZv6gqKfnHrbWnXLvx3vP9diTpmRSHXQD",14720
"1P9iePNA2EVTyEzvoMEuyMja8h6RxmMPDT",16420
"17qmqtkgyipEDdAveDZfxfiYzgi86sxEFJ",13760
"12pFrUwGFRe4hd4aAQo3TBYLVFNRaGj2ji",32720
"1CfRtoDC1AcGT5pSJHDodksWjmBafcNXaf",2940000
"1NJRaiXmEkr64dyCZ2NzvhCtWAwrDNvqvi",1000954
"134hu64JndQW2TH42tKTL8dRoPQECr5Jwb",49980000
"1AKHtJX4J6h1RyavugXuXf5PLUjHEZS4KE",4975000
"18znJtvvhEwJzod25Gbtsqa63txRgLjjez",60000
"1PL2pBekLBXhTmJjjkYsu89cyTgD5znqdA",150000
"1iRPziikbTYHomMocQt8wFxCN9unz16Cg",10000
"12FhCHKbuzrgjRbp3xB5j7GxGGco9gsKeV",10000000
"1AMoBFgR8rWdxhqvUBrZhHUP7xgs4gr7XA",950000
"18EedVcEndzuSFF6FvbFMRS5CJBWpfH8cy",24725296
"1JteXAqwuEChE5y8XZ98QgnACLS5a2WTr4",5460
"13Jbrn5tP2y5qrwr6XwXV7s4eB2KJSx5FB",18505
"13xVyvGsvw6qTw5HCHRRDLEbcvfTsF7WrU",309219957
"17dE8apBcExNAtHr6da1kWUFMpBUfCE2Av",618439915
"17E6yiRFeh7PcyzvVUZokNiYHomyXcGFRJ",705600
"1CHACxvhLTUkiNJVaHa5pFm9t7a1oCACNu",50000
"14pyCGwqT1zEhjnHMKHcnmZ7QmTKUQpAKm",10000
"12bJwLaVe8cFxA2kmP1BxtuH6zUArhmgT9",90000
"1AFVcMGK9dTRUAMD6YFPgqSU7whV99KpK7",41095459
"1E2QqZ2Kqn5PTHepQ6DD7uAZNE1r1dhSH",4
"1NTk2G928Nev5pL5BEvaagW26N2Aij6wwx",400
"13n4KbYbx32Z45qkM9oTL51GSCWXxoqcFN",1200
"1fVZ7NeGABCSiomMTJAKLsVw8uxuWE6MG",4
"19M6Z8e8NwLJMs4qkh7FzUoUV1wZF1rLij",3
"12pFrUwGFRe4hd4aAQo3TBYLVFNRaGj2ji",4
"1CEc4AH2i8uvWkHxeFgo1R6f4p1NcArnYY",1600
"1Ensnhm8vSUYRLeLJVqe7zPf6kpau2urSm",400
"1NqTKTGVPd5qbnT7QPJ9sQmVSZw4dAxMZ2",16
"1ESWxCh67F887dwdQwwLJAE6B6pBWc1mpY",12
"1DRtDyF5hXqUw2jVYUqpDNd9HsK1GUcgr",2010
"1NQrc9Muna2PttLEcWmHvaRggfHG69kMJ2",1600
"1E2QqZ2Kqn5PTHepQ6DD7uAZNE1r1dhSH",4
"1NTk2G928Nev5pL5BEvaagW26N2Aij6wwx",400
"13n4KbYbx32Z45qkM9oTL51GSCWXxoqcFN",1200
"1fVZ7NeGABCSiomMTJAKLsVw8uxuWE6MG",4
"19M6Z8e8NwLJMs4qkh7FzUoUV1wZF1rLij",3
"12pFrUwGFRe4hd4aAQo3TBYLVFNRaGj2ji",4
"1CEc4AH2i8uvWkHxeFgo1R6f4p1NcArnYY",1600
"1Ensnhm8vSUYRLeLJVqe7zPf6kpau2urSm",400
"1NqTKTGVPd5qbnT7QPJ9sQmVSZw4dAxMZ2",16
"1ESWxCh67F887dwdQwwLJAE6B6pBWc1mpY",12
"1DRtDyF5hXqUw2jVYUqpDNd9HsK1GUcgr",2010
"1CLsbEkRC3PGpFELmkRvjrJVSmGGqFejo5",1600
"1NQrc9Muna2PttLEcWmHvaRggfHG69kMJ2",1600
"16TApWFkWbrbF9qPT3iTFqWTTrABfyE5c9",176000
"13KW5vkNfR5dbK7S4Fm8RdVsf4byxT1Jhs",13326598
"1AYwVjQmTi147gsYVYYGHSXCjkfHyTEFR1",19521940
"1HV1kSRouXcCpvFwoTTzwRkS4rjvYs6uTV",20579480
"1441v3Y1NYx4rCi6kRwfyYW4XAhsGfpTKG",25641608
"1Kcg7cHptLMu6CoFh8mNVYbnhAcB32Tse3",26357056
"1BjWyaXLv27Cf7Em5zf5XMnCjMiY5rwuuM",10000
"1H3rBxZNmSsv6zsMEawBqzpCMcZP6jtk4C",150000
"1PB89SjbjVYdgfLJutmfFK1tToQWn28T5v",39944415
"1LZhVkdi8PzMwV7oaj1ziVgxb9KxofDXSE",50000
"1NfVh88DqvEwBYVuHVg9Z7X7CR13TxmsHd",10000
"1GdRSZ5pk4qGYESaZyoAEJoUGj5RT12C9d",1162791
"12ovwC54ZW3kXRxYCJPZsN1NfRzTvUmovx",1000000
"18Ftv8CpCnKJJtaZhC2HraUVhytuaH9Vgi",1000000
"1GgKgNCTe87LET5c5sf6bG3B4iWw6eaXZ4",1000000
"1C7FTDoYaPK7McmSs8FpdAQ7MDGQ4Y1bZY",1000000
"1QCNsf2c6Ri48C6ywPpA79uMPqrSNyn2Pr",1000000
"1EnTLJSWxPEWTgcetP3xKo29ck1Ec8abZG",12590
"17xoDvBKcuScaP42Ati52DB8K6tv8EAp52",10920
"17ggLKi753zoWQs1Ak3w1VW1kEYPGPDUvd",15440
"15EGvmZfvhrDWxRwtfZw5NX66EhYgSFNod",13120
"16L7PTC9fHuaHrrVho23EGUZzaZZwoYgqt",11040
"1jihL1MwSsE9J87imkDmPQVruRCqVXXzP",11280
"1JBo75bJM6VjkecupZ5EodZpcc22WR7EX5",24800
"16ZP53Casdgq1r25wmsrhzxecT8jxnSTAn",18400
"1HMaA6Un7XB9xcUamyGB2h9bM8o4HR42VU",19840
"1Gw9LV3iLtPzKfuuHAxXFNugTiqQTJs7qf",25440
"1KqW68szDEyfmR19JKtRmXvVKCSiSN7PVU",11600
"1BwigJc942RrNykAKVSnUeJTYuhUgTJk3s",16320
"1HDRiNFgxfW9shRgKbuggxV2iFDwqAdacv",10480
"1LbXt5yF8g8jyy7T8AWqCF8ipteWnFwfDy",12000
"1Czf9VPbhufvMvKt8TyFZax9EoMSrgfGa2",13120
"1MEXXzPX9yRu9CVjSLv4pYZBaYPEsWHP31",10070
"1GRKr5C43htF48jLiNaqu7adfZa2nrYwk1",33200
"1PbsfwsmNgN3pjNuiKLgtwfWUyWf2rZRib",12000
"1E7fwHrRTy8ntE55G9Aizaqm3MhmmPWpa7",33200
"173XLibDK55gyWe1r36p9hokWhQetAmJiq",18240
"1JuAUHVMqvauL4iewayNFYvAGUKh3EyEe7",21440
"1DmZLuCvNaDKcAZP77N8kddphULE4rBN2C",32160
"1M1Ezsj7cEpawS9kBKcWjAeXfZ6PDcAcVw",29840
"1E3qsZ2a2SsTv3BHqGp76zx5yDSqyvhLbc",24470
"1QiHkvLgtxcVmG8Dz7gbBDDVT2FnY5V4s",21840
"1Mz8wyLcNg1ahK7fxwoRUjXJ1QeW5vLAKj",26480
"1HSdLciD2Pe9ogbrfmJVME9KmXSzKyTSpz",19600
"1KFkZQxY5JJ1JbSF4tCRkb1P25bvmBXJxT",30440
"1EQFadPTY81R646syHKRU5WXknrUcYs7XY",19440
"1Cu6X3c716CCKU3Bi2jfHv8kZ2QCor8uXm",16160
"1HoPqXoLwpowGgQikDR2hKvPGXGCCsJTqA",10810
"1Bj2VTrnLhttjQSM6N8Y16zxAfpusaeGz",39680
"1zmgNuCqM3Ccu11jtTcU1rhTRLkCMBbBP",19440
"1PXTyF1SuLXGkoNHjJQMNxw6Y8jKau3XXf",900000
"1GEwBv7pxsoJ2XqAAmGPZi7sVWMEXegPzM",1177163
"1L6sNQmTC9NmDpJ7DtifPoLhVGhivTF9QB",10000
"1MRicRCP3zv9mgc2nGdbDDHUQLpFDJ6hQP",10000
"19iZwvguJPdJpQxYxxJQtKfwd3wVRZn69f",940000
"1dice1e6pdhLzzWQq7yMidf6j8eAg7pkY",200
"18N4xMyntds3Ryw3bqxea17bBe4BSGuNSh",155313556
"13C5rrbq95W2a2crwR3ho9DeHCphuzusWg",450000
"1CLdYLXQZ1bvtju2Q9YYdEcw5rG4UyxvjK",100000
"144icdQiegvXPxnSLN6bxZekANjTzcRi3p",90000
"144icdQiegvXPxnSLN6bxZekANjTzcRi3p",90000
"144icdQiegvXPxnSLN6bxZekANjTzcRi3p",90000
"144icdQiegvXPxnSLN6bxZekANjTzcRi3p",90000
"1PJ2JADdsYCX9xHUGDdGBWeATrD5qnL8Mm",90000
"1LEyvJV9EvUZay4owY1YBbTSyggrX8KbEm",93000
"144icdQiegvXPxnSLN6bxZekANjTzcRi3p",90000
"144icdQiegvXPxnSLN6bxZekANjTzcRi3p",90000
"1C2PJxFpVV8LFV3rsh9ohTYZCRScMnnuWs",5
"1NBFpnAuMY4wpmsAKni5iJMA4eXRbH5UD",8
"13HrCBkJGBT5PhjS4xg7iMp1P4hWQQoXJ6",1200
"13Vd7jXertFE2C84e8HxctBexDGiP3qiNb",800
"1NhP2zBfdQXxbGETtJaJePyWCNUPTRyZZM",1600
"15U3LmBsMNyExiMib1xPu7mwReDtATPRqu",400
"1FdcBichMwFx6C3zjWqgC96j6FTeFocj9L",900
"19yjxjcfc2DGRtGEzwVkmPkDiBZ4EGC6Wv",4
"1LFVuyHB6p6uixugB7PUxUvr78sxC62nA8",400
"1LZuhVRCoJetB88x814QWqUcSogPcoT6y2",4
"1GvPYNfMNGwaoN1b1SZy6JK4Zm72ZkK6HN",3
"1Q1ub4f2J2ST2obvyA9cgnfgCf8E1vGxDE",5
"195RK2kUTiNGspe9k9KdVoK4ES3gNuos4G",1200
"1M9fdXKirajPHcPXTAJk7qnSy4hNJhGetY",4
"12AAmF7HZSPVhYdrq7tUFNLUNYRTof2RMm",3
"1C2PJxFpVV8LFV3rsh9ohTYZCRScMnnuWs",5
"1NBFpnAuMY4wpmsAKni5iJMA4eXRbH5UD",8
"13HrCBkJGBT5PhjS4xg7iMp1P4hWQQoXJ6",1200
"13Vd7jXertFE2C84e8HxctBexDGiP3qiNb",800
"1NhP2zBfdQXxbGETtJaJePyWCNUPTRyZZM",1600
"15U3LmBsMNyExiMib1xPu7mwReDtATPRqu",400
"1FdcBichMwFx6C3zjWqgC96j6FTeFocj9L",900
"19yjxjcfc2DGRtGEzwVkmPkDiBZ4EGC6Wv",4
"1LFVuyHB6p6uixugB7PUxUvr78sxC62nA8",400
"1LZuhVRCoJetB88x814QWqUcSogPcoT6y2",4
"1GvPYNfMNGwaoN1b1SZy6JK4Zm72ZkK6HN",3
"1Q1ub4f2J2ST2obvyA9cgnfgCf8E1vGxDE",5
"195RK2kUTiNGspe9k9KdVoK4ES3gNuos4G",1200
"1M9fdXKirajPHcPXTAJk7qnSy4hNJhGetY",4
"12AAmF7HZSPVhYdrq7tUFNLUNYRTof2RMm",3
"1C2PJxFpVV8LFV3rsh9ohTYZCRScMnnuWs",5
"1NBFpnAuMY4wpmsAKni5iJMA4eXRbH5UD",8
"13HrCBkJGBT5PhjS4xg7iMp1P4hWQQoXJ6",1200
"13Vd7jXertFE2C84e8HxctBexDGiP3qiNb",800
"1NhP2zBfdQXxbGETtJaJePyWCNUPTRyZZM",1600
"15U3LmBsMNyExiMib1xPu7mwReDtATPRqu",400
"1FdcBichMwFx6C3zjWqgC96j6FTeFocj9L",900
"19yjxjcfc2DGRtGEzwVkmPkDiBZ4EGC6Wv",4
"1LFVuyHB6p6uixugB7PUxUvr78sxC62nA8",400
"1LZuhVRCoJetB88x814QWqUcSogPcoT6y2",4
"1GvPYNfMNGwaoN1b1SZy6JK4Zm72ZkK6HN",3
"1Q1ub4f2J2ST2obvyA9cgnfgCf8E1vGxDE",5
"195RK2kUTiNGspe9k9KdVoK4ES3gNuos4G",1200
"1M9fdXKirajPHcPXTAJk7qnSy4hNJhGetY",4
"12AAmF7HZSPVhYdrq7tUFNLUNYRTof2RMm",3
"1C2PJxFpVV8LFV3rsh9ohTYZCRScMnnuWs",5
"1NBFpnAuMY4wpmsAKni5iJMA4eXRbH5UD",8
"13HrCBkJGBT5PhjS4xg7iMp1P4hWQQoXJ6",1200
"13Vd7jXertFE2C84e8HxctBexDGiP3qiNb",800
"1NhP2zBfdQXxbGETtJaJePyWCNUPTRyZZM",1600
"15U3LmBsMNyExiMib1xPu7mwReDtATPRqu",400
"1FdcBichMwFx6C3zjWqgC96j6FTeFocj9L",900
"19yjxjcfc2DGRtGEzwVkmPkDiBZ4EGC6Wv",4
"1LFVuyHB6p6uixugB7PUxUvr78sxC62nA8",400
"1LZuhVRCoJetB88x814QWqUcSogPcoT6y2",4
"1GvPYNfMNGwaoN1b1SZy6JK4Zm72ZkK6HN",3
"1Q1ub4f2J2ST2obvyA9cgnfgCf8E1vGxDE",5
"195RK2kUTiNGspe9k9KdVoK4ES3gNuos4G",1200
"1M9fdXKirajPHcPXTAJk7qnSy4hNJhGetY",4
"12AAmF7HZSPVhYdrq7tUFNLUNYRTof2RMm",3
"1wrTF1xbdayHgDjQHrskjjzBWk4k2RMpj",600
"1tAZu6axgqkaP4VNE2p5AKar4LQfDNoVA",400
"1jrupSiiJhnzn7HkKf9wNdXnzbsh3F9yT",400
"1iVGhf6XDw2JRTHnBi9JTzNb5k66gUkrp",600
"1fVZ7NeGABCSiomMTJAKLsVw8uxuWE6MG",1000
"1ZGNmCpknBmm3q5BRMrJhD73spQCmQDbi",400
"1TLcm2JW5adP78gRExKUfbUihwmuCuLwp",400
"1QLq2RotwdoPA5qbG7bDeSMsAJ9JZYDBC",400
"1QLbZ4muKCm5DXNvY12GjULm3JcRWXyUUN",400
"1QHo5JLX72irgmkFMDKbtQVuqb2LbLY5km",400
"1Q8uePUMbJAdzMZNNKozh2AMtq2LqBkctP",400
"1Pv94YQ4P6aiUz3yVGeWwuKy8i3b6813L3",400
"1Pq6b4arX223ZCrBp3SAw4PxFNXFVJdVSu",400
"1PohrA8nQ9boYmKWJGuLkSVuq6e965tyLK",1000
"1PUb3LQFNChdUjoyZ912UDthH6DoenvRQD",400
"1PGP3izS13i9sjNYdvqsbTcxeZq9JTw3dn",1000
"1PCj7NBMBqFeubkhQXcCLsVRjiHJ4r7eNt",400
"1P5WoH2FaEjoA6Umpu52J3YT7xRYticb15",400
"1NMEMq7ojCyTpfbSy5vDdAPBPBmJQT9DoB",400
"1NFRRZZWSmfvcA2fo5bzHGgUvdoY7rKDqk",400
"1NAj5WX92F6tF9HYkPS2FRrb9LvuSDPyER",400
"1MkwYdtCkKKPKEA5v6jv9uiV51YUt1w9xt",400
"1MjRkMAjHXdMAPNUEDzbGsK4AS8sLE39Uv",400
"1MW49ZUmH5YsAQS3duo7Fw47CM3mMG93Lx",400
"1MUJvdou7Nmm8nVX1GTVoxYkGqikpX4cYu",400
"1MQf8R5gUNYSubbDfxKygn3CsssHBiCGXK",400
"1MDgXLcgQGJd133UjzFGtqUgWy41bytv9c",400
"1MAgjbpQN8kKjGo2KwQxg2EN6FjAUHdKNm",400
"1LuDCb2VCpFYp8aksQk9eCFEmMF1Ls7t6S",600
"1Lk6Ri1K4bCXHu5LmdJzLEqScSmGhzd7PE",400
"1Ldcksd9WTApkPtfv3sR12oFKAFfTqosgK",400
"1LTtmF1Jx5RVJvLMv4s4s9nQh5CMkvWXXh",400
"1LEyvJV9EvUZay4owY1YBbTSyggrX8KbEm",400
"1LERyQMKvKcXVohwLSUxYmw6cdCfgjLTwZ",600
"1KvLUU5jowoF2Ci9gWq1ZEtvRk1HrURjA1",400
"1KnkAj8ZdfwfzbGXBCE6rXeXfPo2e7GkxD",400
"1KbFzA6454JEq5UCw3VUcKrb2ViLmuBUi5",400
"1KXRTdpDV8RmKBttpQ8jVmTHv5K33mRzoA",1000
"1KWHQhUVsUfnVsLVS125kHZbfjCZwHoeH",400
"1KNFh8iuwGELP4B11gVd33zCTVRAXpM4LH",600
"1KLZG1KAhSmXx2W2k675WsXCnjXc9tGAwN",400
"1KDUqqLE938xW6BUP9fBoXWK45vPCVNimr",400
"1KChUHC7UPuU4Ca3nmHE8MTyCcASjS5e4g",400
"1JvRzGngKoiLDoeJEAk8BiivURm4DgyZaJ",400
"1JsNYZDHrTUJmA25neust1cfSSGPMsp2Ry",400
"1JozefPTC9GF73wWKbMJxpgpAYWdVtZ1ji",600
"1JK6xQLxqBqwhuBzH4bhGVR4rEYF5uUuj2",400
"1JJtuhdGYQLDSwksk4ShSUbpjaPNy3mE15",400
"1JAgDDRr46Bq8RUs5PLcNVxKvRG6yPx5Dd",1000
"1J9KnT8dqSDRz7v46bawiCbkJ7dJh3UQJw",400
"1HyC54UUtkYMUQyGz16BSwmAVXS8r4ukJG",400
"1HdBxjQmWui1eTCwa3VQ9Q8wd6f3jjmzhd",400
"1HThS4HnhZrzAGwWezvVNwNSJX6ZpfWgKS",400
"1HNcHLtQsoCA4rxDxH1qsgNUYPs4iMmihz",400
"1HMMCTtJJJvbEDvZyw6QCSnXgUmHi4AgsS",400
"1HJS5WHJfW4PPZ5J6TCyvuU2LXx6htdZ6u",1000
"1GtCW9ddZtouxmQhXUucuYWWCHMpSTinUy",400
"1Grqbc5Jz7suqZYjCbU5Qo59He1JAz3NwB",400
"1GqGrzRin25M83ZdEwYgnDR7Z8456XJ5an",400
"1GjFCeLdQq5Tgmz3GNRCqF1zQFGT98MsnC",400
"1GdnwWsyXu1W3JmXkU8XMLQgroyBkzSUBk",1000
"1G73n624jLCSeSt5AC1PZH8FxWRRKepys7",400
"1FzdENpmGyNhKcEbwGKNFoKkSP63RMr195",1000
"1Fo9auNghdd9cwXQ1Qa6A1FnFH7gGJzHNg",1000
"1FizeWiVNf7m2UeRbJp3WsUneZhYs2rKdS",600
"1Fgsa97PYtFwXkSvPu2saScHuH7Zqphe8s",1000
"1FatmC7ueycno14efPPY68ZRcKxwrxHtSe",1000
"1Faofe2XvvcLQBd7eLAkoYR6nn7sX2qAPX",400
"1Fabfg3yJsUGBZHAUYrL8jZ7ELMwBFjhC5",400
"1FTx3Jj17w6SPtj1Rub6t5xRqGqkcCvNNj",400
"1FPgHoLydQ5rGY8xGkPN11qfPzLNrQoZC1",400
"1FNPu2VveKmAKMQREvrCjNVwEUoFAs4XBX",1000
"1FESQGLiMhCcTv3Xa7cjajSPGmqog7Rm7X",400
"1F7BUmg65kZzjoh9Ajw5nb2E9scfwpRjjP",400
"1F63Ftf4iVsVaDhwCF44KbHVmimMWwAbPC",600
"1F4kssGBqyoSFi8pP2uDacExmA9nezF8h2",400
"1EuDrMCS1iwMRycoU3TLdihjfeUoCNJ84Y",400
"1Et3tzrRVA7dsXZWEPBsZRHb82K5U3m4jW",400
"1Eo16HQ5cNxyssLpfHkwACWogj9Sv5mUvW",400
"1EiqabW1bAD3xyWVhZEisSL2Rw7FPmRoQZ",400
"1EhXtFpZBWAC8gdHg9ALtYkx36VYjBkXca",1000
"1Dyfy1nXznuq1sginFVit9Hy5dnFmkAFBK",400
"1DhSC1e1FtGNcFPWAYk2QhLDKQv52NsrQN",600
"1Df48tsdMdGXtRRcmoBNADsewTBuY5ejss",1000
"1DUCLuzSMgo5K4rnMtGmrpEMovBpHFCUtv",600
"1DRtDyF5hXqUw2jVYUqpDNd9HsK1GUcgr",400
"1DReu7HzL42j7SyP3YXPAjUGS1d9azQ9vq",400
"1DNZDn9BvUU9zgp41JrapsUvLxbWzdSUph",400
"1DCWmkAdWLrBn2RW5um3hjRrvTk9S1fzZ1",400
"1Czf9VPbhufvMvKt8TyFZax9EoMSrgfGa2",400
"1CyY5uobh6LJiogsnXp3TauqUsdyzGU2j4",1000
"1Cu6X3c716CCKU3Bi2jfHv8kZ2QCor8uXm",400
"1CsZp6ssGmHPubgaRvV1NZGQ4JRkNUsoMN",1000
"1CiWMSLG2diXYT2ndVpC7AwE7vZpCLVJdw",400
"1CTgpqYmphMXWzMnyT1pdP5T1ba5VWfJNW",400
"1CSvr8M9MVdUUqHgHJ45WPBerb98xdCT1y",400
"1CQhNGo7bb22DZvjEerXtaEvTL2VMAEJza",400
"1CP1vcFToMeQFWYrwznN5KLDHpFieuZq9u",400
"1CM7zzmW5UXWsw9n5PTDcDtkLoDzzxq97w",400
"1CGXMzjgmzkPJrvMCJnRPuuj9gdiCRZay",1000
"1CFzEfnfcT5Agdvx9PGCBnMYR4wrieYu1s",400
"1CAfaKKYsDfwMvVXzAExazhdgbxHmfNwmm",400
"1C8az5NHBA9ravBPR2SRU5C2PwntF1kaYk",400
"1C6cE9npwhPP58rQZWWWcS474rabYx2cnM",400
"1BxV9qxEJqjoKf5FDWyfhyniSCDt3ck5gr",400
"1BvDc4566ogjAbBmsGUt2JQc5o8Mqu9Ejw",400
"1Bp6nVCmD5qxS4bAreQHrJ4uS9meCkKnvA",400
"1BmytF7k6p3CQ53BkDChmnB6JH7ixMeHxb",400
"1BmMwJzuLrN9U3WiUsNE4yukeSYayux5Vg",1000
"1Bi9NgZWdsjotX7DwBffF6oxnyWYqSJzc7",600
"1BXEH9tdU3mZzcUCCmj5b8yZmZjCy4DMVY",600
"1BVfHDazCkk7YDkxFSVdcKiWgAGXmEjFgm",400
"1BUNGr3oJCRGzv5L9iCuKJfbPmgFN3qmi2",400
"1BEY4JnPQvenBLBLwQHn29dJcTSwdaqkdF",400
"1B1AnwpEvW8Yi3HupeDrCywou8Av1vgKdE",600
"1AxADfvGXuVyisWhsjkUm9uitdkALhD9z2",600
"1Aj6dyoddThtW7veF3CQ1UcCeqySpCvrew",400
"1AeG4unEW5GRhoii9MrJNSjVXSz1QH713t",400
"1AajdB4hSBo4gQqoXGx4cRRpuWKUb2hjoD",400
"1ALPGAiDCciyj2d9kHreoHGPnLGGaB489T",400
"1AHd9Qj4xrjXCTrLVgVgaiUL9MdjA7xdZ5",600
"1AC3jyEPHAVeHyp1y4BfcyR8eivuG3bFSv",1000
"1ABPyzrkJZyDK7ssu1G2ibEgT92aduLVcu",400
"1A8mcphVGCaAauohFzEbRqtDEMkpr9NLKe",400
"19xm2KgEAQvXCp2kL6corra5raLRjHSSKE",1000
"19uLdhNepPhKfVDdg4D1NPThpYFnByBLoY",400
"19qc34YfNgYqYf7CMfe1QJC96pHQop4w3M",400
"19jsGeUPyp5hC7dtTS1PQiwLjpeWaURoAd",400
"19eAhZeLLucXPTMBSW9RkRVL59haffShho",400
"19LVTjgpVC4k9HeLxRQYmYKdJQXSEnQWDK",400
"19ASzqqbM8TPb1Zysi5XjEjdSB4KYReCH9",400
"1987ZnsGVJT8pP1qMoMWpk8CPsUmoQCtXD",1000
"193zQFMtqSpr41ptfciby4wwtdUME64XcH",1000
"192KFb1iztpYEo6V2sfSFJyAAtThAuMPMw",400
"191ucNZZn91kQruWZir3X6Rj4LWUW3pD8b",600
"18wtkU2re52rcuhh8DBd1SAphCmaZjxPA4",400
"18kM8Mff9M8H3hnjHeA4W95kFhHetD9TyN",400
"18g53SWSk9yKP5jt9hLJaNdaf3yhXJ7zTs",600
"18XCXkMgP2zSeUV9k8v8fP9LVf55K3HFAy",400
"18Q9SFQ2hVVnc8E6gV8m757CooB1rtFe59",600
"18Pfa74CzBiXYHkkgZDn5UX8uu2RuELR8i",400
"18LhjW5tspCQXtfEFJqUb1XXBtumHmkWAE",600
"18JdwxaPnEgVDBqPom88HwcjpwK41ozRge",400
"18GnqWLCbUXeW37Mz7LANXt8cLhfncKQsR",400
"18Ef8f8pgykdzGj1mmxigdHXaRFLyzgtaL",400
"18DKCFPAde5vgPMePTrJ1GXGm88dioprdv",400
"17xGLdM75wdDpCp7FsjaMgqm4tkQZuFE5S",400
"17nXxbaG2TstZiEM1wPcf3RKEs7ezeRYeH",400
"17hHEbecMhG3nzbpsQT89ivvchUsxhd5hi",400
"17fi7xV7Bz2YGZTXcCbSGVXt4YtSLr43Tg",400
"17eRNCQPCj1dnFZ735KkF7dcaL4znj8D8D",400
"17aQLd4P1z2dv8NAUjAxmC3x8nhhtS6jPH",1000
"17YGS1eDCdrmdMPCQaP3pRq5SBru6QEnyv",400
"17XJvJonczjwp8jR5p3yE9Uw2v7n6G3gbr",600
"17U2GUKVwEtdk1wCDThLRYrSRd86QGJViR",400
"17TNcHAp8dLkzAwxmZtshvTLgwLfdUAyss",400
"17N9EWHt1F52zVAS9PCfHadS6M44piMcgw",400
"172iGd6WidsmtFxzcXpys9GHtzFG8pHJCD",1000
"16qhV328YhPvU4YYVg91nck3wZ5AafNeMf",400
"16ncbb4TMJrMw7QnApMp6qyY7XQaKbK7En",400
"16jkXWZ4XpTFRXdd4c3yZTR67LLxy5CJ14",400
"16bSskUvsxviTocwwRpRkE66M7Do6byTrB",400
"16WWfqU5rNEi48GA9vLbSsFnYF7tNJasvN",600
"16UeeuN3Mwh7w2mzU3JcCsdy5HJnNfPFRJ",400
"16Ro7rAWk4RDWi33LWSzjKt5SeTVwjQYrd",600
"16PX6nAfuohsYnKFgfuN21nhNx44y5Hm5B",400
"16HaWHfUszCZG9nX9kCxTwxwG3yfRSMxRU",400
"16Daq33oawFdoGVPaidqVLpFx27NNq71xe",400
"161Sw51qKXuKerf3ZjwEpADaEA67zeMZcV",400
"15uQwtMwWXc5sm6w2qDKKB2fmEbfQaRdHe",1000
"15diNzbqs38JaHTTFAKmaAAyVhPpR9AWsU",600
"15dHAhe1hVornVvBpy33sSfizVfz6fPYti",400
"15SghJ59UcTxzjCbTVig5KCfRMVXGzSTrE",400
"15HFRJtxrNSfDLdxiv4B3YPG2ZQqneDoxr",400
"15AU2VEWmBHJJQLqhCdtkM9xxpiC8dB6iU",600
"1574A35P5BRTCiwfbH4Adf6kxbfg6Qq66R",400
"154JsrNbos6CGYco5PKJr2CcKbJ65ixPZp",400
"14x9LUPFH3Yh2kn1aQoXUMuXPCReJcQuDb",400
"14wSMPHbxiK94P1qaeR8WfaXH7dgmd8ATu",400
"14wA5cLDtH7XEPoX4HwoQLfPrQ1JeJW2xC",400
"14v1hcjbuLiuKWZfrWwKaeV5vpVEXepkLw",400
"14mmdrtXWaahEtWm28815TnHxmXdY7iHgy",400
"14iq4KBiKZzQw5APvfV6yhoBzezHK6Ram9",400
"14ez8BcYnqMvC4nbff4XJTqktNHsf399hh",400
"14deF3H2fft3jEL6t5PN2zwmUYw4yifAqR",400
"14WhdH6MWNutZnLhMJwvAQPo4p8MERNRS2",400
"14TU17NkswWvgrub2KTqfGu5iEMqGypR2H",400
"14PmeWHfNKZZPtwLW6aPzTvqw375wstAen",400
"14G6PaBe8fzuNre7T67seXvrJumWEHS61G",400
"13vkjP9ZgDazWefqCvMbw3DaT3qF9DdYZa",400
"13jseVY5NfkktrANkGb9C4d8sANUEhzQDY",600
"13VA32zcUdmGES7RX5KSApsguxP7mBgmu4",400
"13LijGvToGqgQEVzAnt4wgTGKtpG2uKuEu",400
"13JWenMUZfD3XZRKABBaatydq6NbfnU8bT",600
"13EjSyHa7C5h6rieVNEbT617X1u5uz7RCj",400
"13DZtFJUc836RPRkisKVMudYagGXXfgRhn",600
"13C41j1nvLzkNG2t7eNny117qKM5n3zUZu",400
"12yokaxAPmRFqBxv6XkpZ4TksYX6LhQVKd",600
"12yCYg7aP8AGDyXjsKrr9rVfgrcejH3YYB",400
"12jGFCkQyVPPBwcmUNbiiJYmQyx7trAPDw",400
"12gPESBVo6oSNozgpqnPx1vdvxAdNdodEr",400
"12gHMxVorUnYRpz2LjT5is76ApXVXKBtov",600
"12RuXFDQt5iLUT9nk2XrcpDSC2eR27t28Y",400
"12PAcwisBJYWH6EDMMyBtZqpNKty3RSV9o",400
"12KBdkNehFGGjErivFHDuBoPmfSKzZCm1U",400
"12GXRcAgAtxP98Koz6VGcBfecRJomjETty",400
"12GCNq9vFCUZu7rmw9s3mFnQqno7nFvdAu",400
"12DhoAyXpmVchbnR7JD7CKGfTnRPn95rFf",400
"12C1rbUuXhKxrDsrLqCa4vejuLcgXqo3Q9",400
"1JanuB1yPJiD7iqLgkkVbq4jMZVvni6Ffu",8821000000
"14yvu3EhCFpSRznxk6QyjaXxs9PNMjWRrH",50000000
"1JmH8kULfhmT7tMRWQ15z1EJ6apVYFZkAJ",17638284
"1Esb7qfqsuYZGUQHLfj5VFyd7dSw8SD7cC",19963320
"1K8KubXnytxPaa6rjheJtm7o5oSezWCTWd",31784200
"1K741Sr5fVDM6qnRNwC1hXWpPsUhKwaAiy",2023379
"12GZ8sjoienWGdrXZbbs1uZcKi6ppggS41",16619
"1Lac2miR3Pe1HGCwe5wg4F5pA46te9T8W1",40000
"1K8dEeU94JtfaGZVpMZT9ZqkxeYeJ3KgnZ",426450000
"1Fp7Ko4JA1ppo6zSy3A3p1uBbLvziSLhQF",65822722
"1ADeJdsRmebGSzMwRr5ft7TLBuk4pnQQhE",290037
"1wrTF1xbdayHgDjQHrskjjzBWk4k2RMpj",400
"1uyCHMK3DydjPh25VHuCfmMSE9jQNd2NY",400
"1iVGhf6XDw2JRTHnBi9JTzNb5k66gUkrp",400
"1fVZ7NeGABCSiomMTJAKLsVw8uxuWE6MG",400
"1TLcm2JW5adP78gRExKUfbUihwmuCuLwp",400
"1QLq2RotwdoPA5qbG7bDeSMsAJ9JZYDBC",400
"1QJs7Bj3gA2xBPgrov3DDrTQxdY1dfXJj6",400
"1PuWPBTJ1hvbfdGk7ggsAq53GmPubp7VWb",400
"1PohrA8nQ9boYmKWJGuLkSVuq6e965tyLK",400
"1PTJaevvR68nFsF9SQCLzoXNBo4nbVfrLX",400
"1PGP3izS13i9sjNYdvqsbTcxeZq9JTw3dn",400
"1NineJQMVYyKmDXqrycKenAtmS7AWexp6q",400
"1NFRRZZWSmfvcA2fo5bzHGgUvdoY7rKDqk",400
"1NAj5WX92F6tF9HYkPS2FRrb9LvuSDPyER",400
"1MsFJaQQL2zSCjdg6nfmudXPhYYyD54Fof",400
"1MgLiR1aghMZEs8NAkWF2gxA2BdLv26XDR",400
"1MYqmFRZavWjN6MqJNMGKQKDbJ6LGECtGU",400
"1MYYQR8jh8YGmrebc4rceKBxHSRPddqAmU",400
"1MSJ4ByGhS6HFT9Dqm9F8VtExvKHV273ES",400
"1MQf8R5gUNYSubbDfxKygn3CsssHBiCGXK",400
"1MEXJpbWHbzM2DGsg5fCrsEX3Yx8bBugth",400
"1MDWFxXtVAUryF8SeYbxhvWVh4qTRtE7qU",400
"1MAgjbpQN8kKjGo2KwQxg2EN6FjAUHdKNm",400
"1M5GcnXKrn6C9UmGhuuP7iPZV2FhTVgPS2",400
"1LuDCb2VCpFYp8aksQk9eCFEmMF1Ls7t6S",400
"1Lk6Ri1K4bCXHu5LmdJzLEqScSmGhzd7PE",400
"1LTtmF1Jx5RVJvLMv4s4s9nQh5CMkvWXXh",400
"1KnkAj8ZdfwfzbGXBCE6rXeXfPo2e7GkxD",400
"1KhCS1eudQSxagvxhSnBWR6eZRUE4i3D8D",400
"1Kg94CikpDn8nrMcomVsEQR73KEZ696cxs",400
"1KbFzA6454JEq5UCw3VUcKrb2ViLmuBUi5",400
"1KXRTdpDV8RmKBttpQ8jVmTHv5K33mRzoA",400
"1KNFh8iuwGELP4B11gVd33zCTVRAXpM4LH",400
"1KLZG1KAhSmXx2W2k675WsXCnjXc9tGAwN",400
"1KEsFapEBiWn38jKj5yCY6pCmxWYnSti11",400
"1JzNkPJfWNGB71BmKHSSxUTY2H46qZU1E4",400
"1JsNYZDHrTUJmA25neust1cfSSGPMsp2Ry",400
"1JozefPTC9GF73wWKbMJxpgpAYWdVtZ1ji",400
"1JSdWWMTGpHUxpprVToJ6GHW5ZmKRzA3Rx",400
"1JK6xQLxqBqwhuBzH4bhGVR4rEYF5uUuj2",400
"1J9KnT8dqSDRz7v46bawiCbkJ7dJh3UQJw",400
"1HyC54UUtkYMUQyGz16BSwmAVXS8r4ukJG",400
"1H8SwjqyEQNF3wVapaGJn4NM2iaSgWEVg1",400
"1GtCW9ddZtouxmQhXUucuYWWCHMpSTinUy",400
"1Grqbc5Jz7suqZYjCbU5Qo59He1JAz3NwB",400
"1GMfnKGVr2QaRMurddbuhLZjw3afaP8d3i",400
"1G73n624jLCSeSt5AC1PZH8FxWRRKepys7",400
"1Fo9auNghdd9cwXQ1Qa6A1FnFH7gGJzHNg",400
"1FXShgEmRTdMgYBidYyXe8nf8TfJCcLxUS",400
"1FJRk5oAMzSCTq6YBdgdUXHPg9fU8SeL5f",400
"1FESQGLiMhCcTv3Xa7cjajSPGmqog7Rm7X",400
"1F63Ftf4iVsVaDhwCF44KbHVmimMWwAbPC",400
"1EuDrMCS1iwMRycoU3TLdihjfeUoCNJ84Y",400
"1Et3tzrRVA7dsXZWEPBsZRHb82K5U3m4jW",400
"1ES2vDx7zK3qcjw5cnzh4JeHPbuYshUKPs",400
"1EDLJwM2QU3G4JyX6LVhv4zQQBAHvUGpaF",400
"1Dyfy1nXznuq1sginFVit9Hy5dnFmkAFBK",400
"1Dy3ufnj9j4ycqFDGZCGRTuaC3CvyFiqNx",400
"1DoS2sSymcqD8tVufmbAgekyiXV8Bv8rxY",400
"1DhSC1e1FtGNcFPWAYk2QhLDKQv52NsrQN",400
"1DSFprth5irSV1asco9tyb46kiyDZBkqWh",400
"1DRtDyF5hXqUw2jVYUqpDNd9HsK1GUcgr",400
"1DF55raUfrdEUUGFnLSGDFgPxb9Nykq2pq",400
"1Czf9VPbhufvMvKt8TyFZax9EoMSrgfGa2",400
"1CyY5uobh6LJiogsnXp3TauqUsdyzGU2j4",400
"1CsZp6ssGmHPubgaRvV1NZGQ4JRkNUsoMN",400
"1CiWMSLG2diXYT2ndVpC7AwE7vZpCLVJdw",400
"1CZVu4m2yZgN4jEkEQtTqf6nDLr2towt2f",400
"1CWkxpK4L1KPtxFcadtKJ5g5BiMRoqBqcq",400
"1CVkFq4B73o8BDBs3XrSeDEpqZkDvJ3Fio",400
"1CSvr8M9MVdUUqHgHJ45WPBerb98xdCT1y",400
"1CM7zzmW5UXWsw9n5PTDcDtkLoDzzxq97w",400
"1CFzEfnfcT5Agdvx9PGCBnMYR4wrieYu1s",400
"1CEc4AH2i8uvWkHxeFgo1R6f4p1NcArnYY",400
"1CAfaKKYsDfwMvVXzAExazhdgbxHmfNwmm",400
"1C8az5NHBA9ravBPR2SRU5C2PwntF1kaYk",400
"1C6cE9npwhPP58rQZWWWcS474rabYx2cnM",400
"1Bp6nVCmD5qxS4bAreQHrJ4uS9meCkKnvA",400
"1BmytF7k6p3CQ53BkDChmnB6JH7ixMeHxb",400
"1BiyPGkuu2c875NA3Jn14kWrsV23k4yqz6",400
"1BVfHDazCkk7YDkxFSVdcKiWgAGXmEjFgm",400
"1B7Rgnpda5Ji4vo51XfeMYvMNmqfCpmK1Z",400
"1B5RtvFhVRnimHgLF9UuKi6Sf5mUaD7SCE",400
"1AidgCYCGMGxUQGqGXatwrfBfxajLVD554",400
"1AdTQGZM2CyjJfvdrR2bwjBUwkB7nctXoE",400
"1AVHHAtf7pUdRGe3ZYSrK7e4CvKz16cWJ5",400
"1ALPGAiDCciyj2d9kHreoHGPnLGGaB489T",400
"19uLdhNepPhKfVDdg4D1NPThpYFnByBLoY",400
"19jsGeUPyp5hC7dtTS1PQiwLjpeWaURoAd",400
"19j8Fj2ndFZs64iK9LAvHaoxtMdMbmTVbc",400
"19SStpJERPtkKqJSn3BR8A3XMec7mqDhwA",400
"1987ZnsGVJT8pP1qMoMWpk8CPsUmoQCtXD",400
"193zQFMtqSpr41ptfciby4wwtdUME64XcH",400
"18wtkU2re52rcuhh8DBd1SAphCmaZjxPA4",400
"18g53SWSk9yKP5jt9hLJaNdaf3yhXJ7zTs",400
"18em2ZrDA5twWNfvDBztzCpsemM7pTUj7w",400
"18XCXkMgP2zSeUV9k8v8fP9LVf55K3HFAy",400
"18Q9SFQ2hVVnc8E6gV8m757CooB1rtFe59",400
"18Pfa74CzBiXYHkkgZDn5UX8uu2RuELR8i",400
"18JdwxaPnEgVDBqPom88HwcjpwK41ozRge",400
"18Ef8f8pgykdzGj1mmxigdHXaRFLyzgtaL",400
"17nXxbaG2TstZiEM1wPcf3RKEs7ezeRYeH",400
"17fi7xV7Bz2YGZTXcCbSGVXt4YtSLr43Tg",400
"17fCDo3kk1uUcmLneA8niDaZL7e5H3N6Lo",400
"17aQLd4P1z2dv8NAUjAxmC3x8nhhtS6jPH",400
"17YGS1eDCdrmdMPCQaP3pRq5SBru6QEnyv",400
"17WiJqM2NCwgp2p7H21njsnLNTtWvBmwCu",400
"17TNcHAp8dLkzAwxmZtshvTLgwLfdUAyss",400
"17N9EWHt1F52zVAS9PCfHadS6M44piMcgw",400
"17DJ53jWiXYYGfQpkS51NXBe2bGw8NjAGo",400
"16qfq6veYyEMQfU4jsmkmWpehuupsWK9cE",400
"16ncbb4TMJrMw7QnApMp6qyY7XQaKbK7En",400
"16bSskUvsxviTocwwRpRkE66M7Do6byTrB",400
"16PX6nAfuohsYnKFgfuN21nhNx44y5Hm5B",400
"15zg2NzoC772fojtBtirsSna5aay5fkw69",400
"15gJFrSnkbJQskjfoo552VJD7JtH9EDnvW",400
"15diNzbqs38JaHTTFAKmaAAyVhPpR9AWsU",400
"15SghJ59UcTxzjCbTVig5KCfRMVXGzSTrE",400
"15CP8KdquyZr8USVUVGjaTT9AtBAtA9W5z",400
"154JsrNbos6CGYco5PKJr2CcKbJ65ixPZp",400
"14wSMPHbxiK94P1qaeR8WfaXH7dgmd8ATu",400
"14dhjdgW3EMhZy9gcngtxXHmf4Nhj84uAo",400
"14YHudkXPd8tFQTVgiuKrqiN33yNJXXK4o",400
"14TU17NkswWvgrub2KTqfGu5iEMqGypR2H",400
"14MsW8WtJJqpjDCb7Fj3H3W5vB6JkTtuoj",400
"13vkjP9ZgDazWefqCvMbw3DaT3qF9DdYZa",400
"13Q6fnnbuk1aBbGKrCt6X8cV2mBHYymtdh",400
"13LijGvToGqgQEVzAnt4wgTGKtpG2uKuEu",400
"13JWenMUZfD3XZRKABBaatydq6NbfnU8bT",400
"13EjSyHa7C5h6rieVNEbT617X1u5uz7RCj",400
"134gSfRgJTkBSSvJsgno1wvshyoea9XKCQ",400
"12yokaxAPmRFqBxv6XkpZ4TksYX6LhQVKd",400
"12yCYg7aP8AGDyXjsKrr9rVfgrcejH3YYB",400
"12Wr3wPUwhvwwLttNyJwS7yrrqzd72NVxm",400
"12RuXFDQt5iLUT9nk2XrcpDSC2eR27t28Y",400
"12PAcwisBJYWH6EDMMyBtZqpNKty3RSV9o",400
"12P1Xt6F1DB7Jiv6jcqwEJcqVuDkHx4zXb",400
"12GXRcAgAtxP98Koz6VGcBfecRJomjETty",400
"1129qZbP7Zka3Sn3ww5fMR1nVYqq7hGJ1f",400
"15sk77DQoDT9Jvf4gKjPC1KEgqe13gdhdQ",313959
"14tJG8J4LmpK9zDFb8Di93CjwpPG75yMwq",990000
"1AtR5Q11u6oWEv949wiBfAy5r2RQVZp1o3",5577486
"1GdUS3vPJzTqT2X1YJF81kjBBCe2AQ69LZ",1200
"1C2PJxFpVV8LFV3rsh9ohTYZCRScMnnuWs",10
"1NBFpnAuMY4wpmsAKni5iJMA4eXRbH5UD",8
"13HrCBkJGBT5PhjS4xg7iMp1P4hWQQoXJ6",1200
"13Vd7jXertFE2C84e8HxctBexDGiP3qiNb",800
"1NhP2zBfdQXxbGETtJaJePyWCNUPTRyZZM",1600
"15U3LmBsMNyExiMib1xPu7mwReDtATPRqu",400
"1FdcBichMwFx6C3zjWqgC96j6FTeFocj9L",900
"19yjxjcfc2DGRtGEzwVkmPkDiBZ4EGC6Wv",4
"1LFVuyHB6p6uixugB7PUxUvr78sxC62nA8",400
"1LZuhVRCoJetB88x814QWqUcSogPcoT6y2",4
"1GvPYNfMNGwaoN1b1SZy6JK4Zm72ZkK6HN",3
"1Q1ub4f2J2ST2obvyA9cgnfgCf8E1vGxDE",5
"195RK2kUTiNGspe9k9KdVoK4ES3gNuos4G",1200
"1M9fdXKirajPHcPXTAJk7qnSy4hNJhGetY",4
"12AAmF7HZSPVhYdrq7tUFNLUNYRTof2RMm",3
"1GdUS3vPJzTqT2X1YJF81kjBBCe2AQ69LZ",1200
"1C2PJxFpVV8LFV3rsh9ohTYZCRScMnnuWs",10
"1NBFpnAuMY4wpmsAKni5iJMA4eXRbH5UD",8
"13HrCBkJGBT5PhjS4xg7iMp1P4hWQQoXJ6",1200
"13Vd7jXertFE2C84e8HxctBexDGiP3qiNb",800
"1NhP2zBfdQXxbGETtJaJePyWCNUPTRyZZM",1600
"15U3LmBsMNyExiMib1xPu7mwReDtATPRqu",400
"1FdcBichMwFx6C3zjWqgC96j6FTeFocj9L",900
"19yjxjcfc2DGRtGEzwVkmPkDiBZ4EGC6Wv",4
"1LFVuyHB6p6uixugB7PUxUvr78sxC62nA8",400
"1LZuhVRCoJetB88x814QWqUcSogPcoT6y2",4
"1GvPYNfMNGwaoN1b1SZy6JK4Zm72ZkK6HN",3
"1Q1ub4f2J2ST2obvyA9cgnfgCf8E1vGxDE",5
"195RK2kUTiNGspe9k9KdVoK4ES3gNuos4G",1200
"1M9fdXKirajPHcPXTAJk7qnSy4hNJhGetY",4
"12AAmF7HZSPVhYdrq7tUFNLUNYRTof2RMm",3
"1Ni2MPRjySvcfKBEYbiKmhPPHpXHbbbpYv",8423860
"19P4uVqYHZzBU2GfeQwSzsEjPeb4xxizgR",10600000
"1DPASQNQHwRK1E5LvFy2TKxNahktD7s3Bu",7118049
"167VyQAPJ3vu7cokMxEwmnbCZFQq56HmAU",11796
"12PAcwisBJYWH6EDMMyBtZqpNKty3RSV9o",11052
"1Q8kBcsxeiprVWUhbEMP6WgyWxzrziaktg",15763
"1LNHt48rcUY294wnL5iCC3L4ZLjZXqCPx7",10415
"1KDUqqLE938xW6BUP9fBoXWK45vPCVNimr",10018
"133Pfr8avatvZQ5omBqgWSwaGsKHkknbeJ",11638
"14KAaVnwdLxETS1Sn5ccMTmDRHPvP4f94u",12460
"1HHSEt4ydQxVQH1oQgWKro8irJuu8NjKLX",18711
"12qCWQB54HxGSr8g5BsUXVyfhWwdDx4Fqt",20000
"1ByChhVC7aB1a1Hy9JXqoN59WMDXUGkw78",42976
"1ALPGAiDCciyj2d9kHreoHGPnLGGaB489T",10547
"1AyAeecQoCc535Nepn6e79mGGVwwzB1Ra2",11080
"1FTe1fAfBA22A2S6WfZrNMpUG6muyYoGMG",32200
"1ALQg3ma53veKXuTuNh2kgzkMXnVJymzTc",16026
"1GMfnKGVr2QaRMurddbuhLZjw3afaP8d3i",10309
"1C8az5NHBA9ravBPR2SRU5C2PwntF1kaYk",23105
"1KQ52TRUKWVmMopMYMEEUqNnAWsVuVXpyK",11625
"12EDQPYsouFGHSckpDTqTat5UK15mGs6A1",12280
"14HuDKSBVG8KayXhbpD5NMW27pbdTZ4Z4R",10213
"1C7FTDoYaPK7McmSs8FpdAQ7MDGQ4Y1bZY",1000000
"1KJSAEtw1N3o2md1QK2sXs13z7Aj4NRzqU",10000
"1GdUS3vPJzTqT2X1YJF81kjBBCe2AQ69LZ",1200
"1C2PJxFpVV8LFV3rsh9ohTYZCRScMnnuWs",10
"1NBFpnAuMY4wpmsAKni5iJMA4eXRbH5UD",8
"13HrCBkJGBT5PhjS4xg7iMp1P4hWQQoXJ6",1200
"13Vd7jXertFE2C84e8HxctBexDGiP3qiNb",800
"1NhP2zBfdQXxbGETtJaJePyWCNUPTRyZZM",1600
"15U3LmBsMNyExiMib1xPu7mwReDtATPRqu",400
"1FdcBichMwFx6C3zjWqgC96j6FTeFocj9L",900
"19yjxjcfc2DGRtGEzwVkmPkDiBZ4EGC6Wv",4
"1LFVuyHB6p6uixugB7PUxUvr78sxC62nA8",400
"1LZuhVRCoJetB88x814QWqUcSogPcoT6y2",4
"1GvPYNfMNGwaoN1b1SZy6JK4Zm72ZkK6HN",3
"1Q1ub4f2J2ST2obvyA9cgnfgCf8E1vGxDE",5
"195RK2kUTiNGspe9k9KdVoK4ES3gNuos4G",1200
"1M9fdXKirajPHcPXTAJk7qnSy4hNJhGetY",4
"12AAmF7HZSPVhYdrq7tUFNLUNYRTof2RMm",3
"1C2PJxFpVV8LFV3rsh9ohTYZCRScMnnuWs",10
"1NBFpnAuMY4wpmsAKni5iJMA4eXRbH5UD",8
"13HrCBkJGBT5PhjS4xg7iMp1P4hWQQoXJ6",1200
"13Vd7jXertFE2C84e8HxctBexDGiP3qiNb",800
"1NhP2zBfdQXxbGETtJaJePyWCNUPTRyZZM",1600
"15U3LmBsMNyExiMib1xPu7mwReDtATPRqu",400
"1FdcBichMwFx6C3zjWqgC96j6FTeFocj9L",900
"19yjxjcfc2DGRtGEzwVkmPkDiBZ4EGC6Wv",4
"1LFVuyHB6p6uixugB7PUxUvr78sxC62nA8",400
"1LZuhVRCoJetB88x814QWqUcSogPcoT6y2",4
"1GvPYNfMNGwaoN1b1SZy6JK4Zm72ZkK6HN",3
"1Q1ub4f2J2ST2obvyA9cgnfgCf8E1vGxDE",5
"195RK2kUTiNGspe9k9KdVoK4ES3gNuos4G",1200
"1M9fdXKirajPHcPXTAJk7qnSy4hNJhGetY",4
"12AAmF7HZSPVhYdrq7tUFNLUNYRTof2RMm",3
"1GdUS3vPJzTqT2X1YJF81kjBBCe2AQ69LZ",1200
"1C2PJxFpVV8LFV3rsh9ohTYZCRScMnnuWs",10
"1NBFpnAuMY4wpmsAKni5iJMA4eXRbH5UD",8
"13HrCBkJGBT5PhjS4xg7iMp1P4hWQQoXJ6",1200
"13Vd7jXertFE2C84e8HxctBexDGiP3qiNb",800
"1NhP2zBfdQXxbGETtJaJePyWCNUPTRyZZM",1600
"15U3LmBsMNyExiMib1xPu7mwReDtATPRqu",400
"1B17Zh95h5eZ9VTNag9e89qabbshUiByLr",1200
"1FdcBichMwFx6C3zjWqgC96j6FTeFocj9L",900
"19yjxjcfc2DGRtGEzwVkmPkDiBZ4EGC6Wv",4
"1LFVuyHB6p6uixugB7PUxUvr78sxC62nA8",400
"1LZuhVRCoJetB88x814QWqUcSogPcoT6y2",4
"1GvPYNfMNGwaoN1b1SZy6JK4Zm72ZkK6HN",3
"1Q1ub4f2J2ST2obvyA9cgnfgCf8E1vGxDE",5
"195RK2kUTiNGspe9k9KdVoK4ES3gNuos4G",1200
"1M9fdXKirajPHcPXTAJk7qnSy4hNJhGetY",4
"12AAmF7HZSPVhYdrq7tUFNLUNYRTof2RMm",3
"1C2PJxFpVV8LFV3rsh9ohTYZCRScMnnuWs",10
"1NBFpnAuMY4wpmsAKni5iJMA4eXRbH5UD",8
"13HrCBkJGBT5PhjS4xg7iMp1P4hWQQoXJ6",1200
"13Vd7jXertFE2C84e8HxctBexDGiP3qiNb",800
"1NhP2zBfdQXxbGETtJaJePyWCNUPTRyZZM",1600
"15U3LmBsMNyExiMib1xPu7mwReDtATPRqu",400
"1FdcBichMwFx6C3zjWqgC96j6FTeFocj9L",900
"19yjxjcfc2DGRtGEzwVkmPkDiBZ4EGC6Wv",4
"1LFVuyHB6p6uixugB7PUxUvr78sxC62nA8",400
"1LZuhVRCoJetB88x814QWqUcSogPcoT6y2",4
"1GvPYNfMNGwaoN1b1SZy6JK4Zm72ZkK6HN",3
"1Q1ub4f2J2ST2obvyA9cgnfgCf8E1vGxDE",5
"195RK2kUTiNGspe9k9KdVoK4ES3gNuos4G",1200
"1M9fdXKirajPHcPXTAJk7qnSy4hNJhGetY",4
"12AAmF7HZSPVhYdrq7tUFNLUNYRTof2RMm",3
"16n9J2cvm5ykZEnFDpqWvx5aVDB4aYHeQP",12684087
"1491VtZRuZFuYaKBaR3V9Xw6TVakeBTu6j",17874574
"1AQaUwU9yQCi2MaQyxEEUDjCwzQhD88tZg",18291466
"1AYwVjQmTi147gsYVYYGHSXCjkfHyTEFR1",18556860
"1441v3Y1NYx4rCi6kRwfyYW4XAhsGfpTKG",23784408
"1Kcg7cHptLMu6CoFh8mNVYbnhAcB32Tse3",24663360
"18RHQfmrTcC5MXuFUMxC29W3VWRQtCuvV5",45927847
"1DdNSaQdwxxdSPR76GwnmK1H2KrkDApbj3",4450000000
"1FYYH8dvSJbJeA2iBhUMfqyvds8v6yurbj",90000
"13RkY2nR7qF45nHhyx6RLkr2VTrLETZ4Wb",16960
"1KQ52TRUKWVmMopMYMEEUqNnAWsVuVXpyK",13760
"1CpM7UtDAkBecgJVBoNzmd6eW6zu7JE7aW",20400
"1MMtgavJPiSd1ihxTgYNUtffUERshfu89w",23440
"1CLsbEkRC3PGpFELmkRvjrJVSmGGqFejo5",11020
"18kijXxtFFZXJxm22z4kg1coxKY5vrd7KY",12160
"13qEzv69pP8BZMmDUwcVYeyJqBKgQ9mAA2",11360
"1D2mxKSCtS6RNtM2797ruzJgQcWiBZNTTe",11220
"15krAFGT7oVN7i1a6rwPmcF22V46agso5e",36240
"1PCsNa8fkQLFJ6PqGPWvjsN6e6hMfTmujw",15440
"1Q1qP348rtFVrGcijEDrNPWuShUMka9EFa",10160
"1M84yXXCzH5SSM4LoPXrrvFKHSaP8tePhx",29760
"1Libht18c6BG7jzm5uhxk2NNxM865WBrw7",33200
"1JzNkPJfWNGB71BmKHSSxUTY2H46qZU1E4",11680
"19SStpJERPtkKqJSn3BR8A3XMec7mqDhwA",11200
"1DnpAMWsgfA8R3B7cExNHm5KXmUkuz5B5K",25520
"1PZRXHBjGGY3Zx4R3j9vJWZZkPew3KA8BV",20000
"18oUB8ECCgvqpdxtbFfYa8FMx6yWh3AMCE",17840
"1EFvpLjfjfPkVcxZWrkBcDNEtwqvYttjxi",32800
"1LsrAHbNtted2Xp4L4EZD4v5AnkkbBZAZZ",27440
"1KdLmzpyEfFSvKq5aBEtsCuFbnByMouY4b",100000
"1JanuB1yPJiD7iqLgkkVbq4jMZVvni6Ffu",4000000000
"1BiyPGkuu2c875NA3Jn14kWrsV23k4yqz6",1408550
"1KdLmzpyEfFSvKq5aBEtsCuFbnByMouY4b",900000
"1NMdgL4wakJCMzZR1jjjDNhuetJYByCQHP",1300572
"1FefZQnvBuidmPBWcAzSveU1PGTXdFDknE",50099594
"1HT5jGRNch5K6DbDtvm8HM32NuzhjJ4TLo",302369302
"1BiqEXNhVbtZ3TECSCitPGikYXb8vsCVS1",1034828
"18BD6GRr5vR7jd1UL1V9anGgEUnc9juogS",1065476
"18q5kZHhonBwbcrRiiszVsodUWroW6ULYC",1002514
"1HVuRuiS7hBaoneh9Hg7XWZeTKAxw87LYN",202288091
"1KXJXNZNtHMavAzAgym5VhVM3LM7zw6bxH",1002866
"1A6nVWCriyE4f9mLmRjCSsbscraKu1CbPY",100000000
"1GPswsq4VM14NabLEq4n5PXqk2HdBVKZj5",9000
"1AiHGwvq9NXzjQQ3BgFEr5EuE2HnDBmxPs",100000000
"1JebeGeD5DFU84jeaQLqCSLyv5egA4LHJV",1000000
"1LSJAvQ4L6XQYLZ5H92i7RAo2eKjb97QSw",1000000
"1KKNf9bSn18PPnLhQj3rf7HNQX5YvVbm4x",1000000
"131QE9LSRdQtP3EM1YwJohFwd9wVkgoHC7",1000000
"1GgKgNCTe87LET5c5sf6bG3B4iWw6eaXZ4",1000000
"1HiW3UuYG64QJuCzNzvtdUQw442PqgkxWm",1000000
"1C7FTDoYaPK7McmSs8FpdAQ7MDGQ4Y1bZY",1000000
"1Gb6L4zqeRSxSrTF38YMY245XtzQyARdMo",34519440
"1NPqCeSGjDAnz7gnrjFyDiyM983jxKNwCQ",5460
"158hNcsazrMQSL14Dzi2PdaoMMTbWBtXpy",52400000
"1CEc4AH2i8uvWkHxeFgo1R6f4p1NcArnYY",20150
"16JhTchkMkfhHRnAVU9kD83XVA62qYqCy5",2040752
"18d9jFSravYGVgnMP2wrdpkUiZ8c7iPVAc",70000
"1Hmokmhm8XAiNUwFjzRfb6CMmA94y4d4UU",4976000
"1sd4QVcMsdV33jnK2b7PbXVf7p5JN9NyU",103020
"1PfvCtaHV1Nf55a2HRSgAkyJYedmNQVQ2i",200000000
"1LCRDkVY6bXTgsqR7R2FgpeGUmCAGckMzv",1000000
"1NnW4REEuRSgCfvwH4XRFDKnVRxYB8NYti",28350000
"1Jk6L5vAjQKy89LWEBFCoYYVm9A2b1zZEv",10000
"1N9dvXKVaWaX6z8rypHgu4ixMgq7fJBaJJ",1000000
"1N9dvXKVaWaX6z8rypHgu4ixMgq7fJBaJJ",1000000
"15kiwWkjfFmxt34gQUc4MPooG7XRpNgMrZ",100000
"12MsTZwK5TxQ6ZskmQ3gSJ8rjBiqVwAe2Z",5168205001
"15kiwWkjfFmxt34gQUc4MPooG7XRpNgMrZ",100000
"1CTpJhTaoCXGRdTTxbG6LQRt4kcYir7nNt",5460
"1GvYBYWfLZM8wHzSQ6vewTWLvFKAVY7tsd",5460
"19bFYeY3yEqctMWTLAFQHgEtq6KuDveew7",9999900000
"19F8b5earBJsMjnvYGzeJPx41aWo6MCbJD",327565
"1HAsa3yj9vveDqqeWeWGn4bCvgoaiRAiTs",90000
"1KPrLt1gimyvzpvjmCFU4dT9nB9T3WQrSE",690000
"1KBXafqBwtxYbGNpJa1zipcmzR5EYu1rQD",705600
"1KBXafqBwtxYbGNpJa1zipcmzR5EYu1rQD",705600
"1KztgaL3dKX3PDSM3MnTj5Y4WHun2iL4As",705600
"1Kx4MR9QtGXscUi5vAxWUcqo8MRuaShVpR",1071799
"19bFYeY3yEqctMWTLAFQHgEtq6KuDveew7",9999900000
"13MQLRL1PpyDvUY7dMMWkA1qUnuJh7KZvu",90000
"1GdUS3vPJzTqT2X1YJF81kjBBCe2AQ69LZ",1200
"1C2PJxFpVV8LFV3rsh9ohTYZCRScMnnuWs",10
"13HrCBkJGBT5PhjS4xg7iMp1P4hWQQoXJ6",1200
"13Vd7jXertFE2C84e8HxctBexDGiP3qiNb",800
"1NhP2zBfdQXxbGETtJaJePyWCNUPTRyZZM",1600
"15U3LmBsMNyExiMib1xPu7mwReDtATPRqu",400
"1FdcBichMwFx6C3zjWqgC96j6FTeFocj9L",900
"19yjxjcfc2DGRtGEzwVkmPkDiBZ4EGC6Wv",4
"1LFVuyHB6p6uixugB7PUxUvr78sxC62nA8",400
"1LZuhVRCoJetB88x814QWqUcSogPcoT6y2",4
"1GvPYNfMNGwaoN1b1SZy6JK4Zm72ZkK6HN",3
"1Q1ub4f2J2ST2obvyA9cgnfgCf8E1vGxDE",5
"195RK2kUTiNGspe9k9KdVoK4ES3gNuos4G",1200
"1M9fdXKirajPHcPXTAJk7qnSy4hNJhGetY",4
"12AAmF7HZSPVhYdrq7tUFNLUNYRTof2RMm",3
"1GdUS3vPJzTqT2X1YJF81kjBBCe2AQ69LZ",1200
"1C2PJxFpVV8LFV3rsh9ohTYZCRScMnnuWs",10
"1NBFpnAuMY4wpmsAKni5iJMA4eXRbH5UD",8
"13HrCBkJGBT5PhjS4xg7iMp1P4hWQQoXJ6",1200
"13Vd7jXertFE2C84e8HxctBexDGiP3qiNb",800
"1NhP2zBfdQXxbGETtJaJePyWCNUPTRyZZM",1600
"15U3LmBsMNyExiMib1xPu7mwReDtATPRqu",400
"1B17Zh95h5eZ9VTNag9e89qabbshUiByLr",1200
"1FdcBichMwFx6C3zjWqgC96j6FTeFocj9L",900
"19yjxjcfc2DGRtGEzwVkmPkDiBZ4EGC6Wv",4
"1LFVuyHB6p6uixugB7PUxUvr78sxC62nA8",400
"1LZuhVRCoJetB88x814QWqUcSogPcoT6y2",4
"1GvPYNfMNGwaoN1b1SZy6JK4Zm72ZkK6HN",3
"1Q1ub4f2J2ST2obvyA9cgnfgCf8E1vGxDE",5
"195RK2kUTiNGspe9k9KdVoK4ES3gNuos4G",1200
"1M9fdXKirajPHcPXTAJk7qnSy4hNJhGetY",4
"12AAmF7HZSPVhYdrq7tUFNLUNYRTof2RMm",3
"14jjfBar2V2v7nsWwcRAthQQDZJv6XwgLC",17241030
"14mFtKErurfTSMoShRnqEqjePSDaZaqcrC",18252222
"1HV1kSRouXcCpvFwoTTzwRkS4rjvYs6uTV",20349020
"1Guj5dRbPaMi77xLyf8oKJkspbXKRxWdMw",20570743
"1Esb7qfqsuYZGUQHLfj5VFyd7dSw8SD7cC",26216320
"1K8KubXnytxPaa6rjheJtm7o5oSezWCTWd",32043828
"1JBo75bJM6VjkecupZ5EodZpcc22WR7EX5",10160
"1ButCmP1AEdTqmULphUkY6krC3s3x4wCwm",12080
"17eRNCQPCj1dnFZ735KkF7dcaL4znj8D8D",14720
"1BG5LNUmXbFN3jhQVL2xu3BJXmZoYQVQpv",17040
"1HThS4HnhZrzAGwWezvVNwNSJX6ZpfWgKS",19200
"1JDeZVb7ncx2y9NXbKPsrP3TdbP5GCdVf2",11080
"17HUAbuAeJfn7aoNR78BcVJS958WkCwDKL",17360
"1PRFQdSFnEdKzZaS2gRVLfcVSWmNd6Vk9K",24400
"1EgDmX37jps2HDFxRqQLiDJu6Wx8L6cejV",19840
"1JjvaMhujELPJpC1bY76fz2FXmz2DfTAw1",13120
"1LpBJvjfQrtCdUnVB4ybTJGBYmjeoh4Wpv",13120
"1D3pEE1quhD1fKhPotCSGWGCzdp14Nt1cM",36370
"15hsMv5DVz2Janxtsmb9WRxJ8uGVNVUcXH",16160
"1Fos2nA3jnkki8Cjb6grCTixAfegHCN9Um",15520
"1F8kHXjtw8ie36UBPmWRXTeEK7UHtP5CMe",13920
"19UEqSSYWmShhYDWUXc2gvryffgM1qTf2J",25520
"16PX6nAfuohsYnKFgfuN21nhNx44y5Hm5B",12560
"1ejso1kmFKhBPNYdSxZrCAe9iErYHuaFi",27440
"1CQhNGo7bb22DZvjEerXtaEvTL2VMAEJza",12160
"1Ki6oV2yBiqH4HKAmKX2U5GAVpdqE8RdBn",16000
"1AVQZMTpiGkY6pNENmP8VGigtqZej5Y7YT",28880
"15KWdBPAJ73eRwew3SMAP4Gd2jjB1s1cVb",10320
"1G3x9vnw9Uur2QSokR4z68cicXfFduef52",27440
"19yjxjcfc2DGRtGEzwVkmPkDiBZ4EGC6Wv",12310
"1JEzQTrU86SRZgzt5h4ajJgiK5gemkC3MV",24400
"1GekHzW5sp7p7QLGZR6BXPw66Pax9EQqJD",10000000
"19GP1D3BPe8K8uvbTaqxLzXPyBFj9GhHrL",100000000
"1FhjJ6b7A4W8f1SLHvSMJ4zN7216TyC7hH",17630376
"1CV78o6YVHhgQJaz8iGdTJ5vhid6SbSgoj",20000
"1KadVAMuZCZHvUsf2hU9aGwJtqMk6SKZY1",890000
"124nPFLjt2tCJrApoaurbdrBfQb9mP2Kr1",2000000
"1DnzbzMvBmsWcvhc4kkU4hS41kTBcxCAvC",84300000
"1DareZXBnAqbpFa4BCvX4c8pVBK3m9xt8m",2000000
"1NjnALVDhjBEqYnYMsEUFtJpbytsYQRDjE",1000569
"1Nq2iHH9J2dP7HZoHjym32ysqbQ2481L32",300058536
"1tpQCPvQa8J4GbUH6QAkx7PcLQfpeVZpD",1027906
"1A9u3fgvMQoqTezWNwxswsUX879wCDQkaP",1059183
"19r3hfPCrJBoqxB6vK4SHFSkxdeeVm1dGo",1185054
"1JGkr2YF3mxTF2yfLPk1YtHUiCPBLFdLaF",1010953
"1LEVzpmM2sJ4nW9gZrRtVqjZ9eoWg883Qu",1044124
"16zCBjiGqqt77fhuc8vnZewtjAZsMSqbe8",5279900
"17ZStj4zHfABPimxLehxR4sLzpF2mkVoWN",40000
"1DLATdP96JsY3KNmgKRfy61h9C1AX8wfQF",149781
"1Nrcg8KQ9zSNHZ3Aw4Es4YCK5jzRzU6nRY",9500
"1Nrcg8KQ9zSNHZ3Aw4Es4YCK5jzRzU6nRY",10000
"15trV6uBUg9A2dUHB72LfSHXpkJsbSQJgj",2342234
"1DYmytfJ1UMq2fWuFGp34gmt3UcFAW1MmS",10000
"1Nrcg8KQ9zSNHZ3Aw4Es4YCK5jzRzU6nRY",80000
"1BAEW5AqF4XV6EMpmNYu9djBFhtxTqjFQN",1350277689
"1HxayyiE8SE89bVQoHuFwwx75ToP4gceBB",227656547
"18n6R9r9jep5X6dG4gEuekbcNNyLnyQgnd",510360
"191ndMXz5tqabqJ1nP8zZBVrMpcpAdBX3R",1483180
"13UK2moDarrPd9N8hcUmPrzJih8TP4g2Lo",39293
"1KztgaL3dKX3PDSM3MnTj5Y4WHun2iL4As",705600
"1BGFqekHfkcZwAae3wCSiwHVSHA1BT4CV2",2000488
"1Az2VvtcHnQZsTtLBvRSK8Lk4h6H9cr6Gv",103447700
"1NT97WLtNTtUw9eRo3Wg42U41FSV3VbpYY",146013200
"13xVyvGsvw6qTw5HCHRRDLEbcvfTsF7WrU",1836631007
"1N1k8AHW7enmSVsQibPY6tAXssvVS3ZwWL",2600000
"1GXrN77jae22hkLUoNwAiWNytEMsP3fUqY",15000000
"1JqdadgxgxrnbEnfvohxtaSNbHt52kVLtC",6518512
"16L7PTC9fHuaHrrVho23EGUZzaZZwoYgqt",12320
"19gkoEnCgrPR1Cc5jzTjhUVWGbbKuRXnwL",12320
"1Ce4a6B5czbJh4BUQzbLKvVx29UHW8E9mE",11940
"1JP9BpEeHZkrFA5NAJ2M8yWQHBeuNvFUY3",17120
"19Wgihj8yUpiAtCs7x57gqSY4gVGHNxhcQ",12480
"1KQ52TRUKWVmMopMYMEEUqNnAWsVuVXpyK",13920
"1PrkThdHeyeuJUj5QzEigszgEHJvXW7xe2",17200
"1jihL1MwSsE9J87imkDmPQVruRCqVXXzP",13120
"13qEzv69pP8BZMmDUwcVYeyJqBKgQ9mAA2",15200
"1L6C1pbL75jTtbA71q9NSuD8L4yoP8MpLG",10560
"1Lhf49gTCyLYZChhejfVJLysR3MVY1cZcN",12160
"18kijXxtFFZXJxm22z4kg1coxKY5vrd7KY",29920
"1BmAsjvxbG6eYSKMiejCHQJ9XMcogTLUgE",69
"12P1pn2r3AeSpzac2cjPiDBCuvgus4gnjf",66114
"18gJhCXGWUD8MpiCvG5rbr5qava857Lgpr",302431
"17ha1BYhDmear4WqThae681HzzHPT17SSn",326746
"1D5qBArsq29qASazA9wNqr235s8s4A8hQx",351061
"1CfpFnffcA54FYFjShQpmgdcrbFs98FBxE",410345
"1PDgjxWin9dtSoguMouPNsy7dLzLYmRcHb",487660
"19LSHErBbSp8E8hA22FsNvq4MvVyTSmwGw",885137
"12TeDqkdNWXYafpghVAdK4DTnec5KGtXRv",924040
"18LRAoiMjZVFPzbh1exYFVBFHkubyKmU7Q",6537
"1B1tsfuN2xtk4jSMzQEh2yH6rHA32k5vfP",130000
"19GwhNjv6dX6TAag1gHpmQNTNBgkKMsDPh",9000
"1A4S2x4wKFY2RHccBPU5BPLUeAWXct4gWN",61200
"12cDfs3sJaM74B2wmYY8JAF5yZktSdTtim",190000
"1Pmip59ibVJTWMiaPxEBht1AF2gKybaxEK",36000000
"1EoJP3WH8jLBKwiHHKXAoUUBBjNdXwVxP",150000
"19HpPGfP1CRLiR7qxXCjaN8kyoZjRADxfp",5850
"1C7FTDoYaPK7McmSs8FpdAQ7MDGQ4Y1bZY",1000000
"1Bv1ivv2gpNE66ggiLqXscJASDvF46Sg8t",3206
"1E6eQ3yDntwS7HrdZiV9Fbd21Y9DTmrbXf",4400000000
"1GdUS3vPJzTqT2X1YJF81kjBBCe2AQ69LZ",1200
"1C2PJxFpVV8LFV3rsh9ohTYZCRScMnnuWs",10
"1NBFpnAuMY4wpmsAKni5iJMA4eXRbH5UD",8
"13HrCBkJGBT5PhjS4xg7iMp1P4hWQQoXJ6",1200
"13Vd7jXertFE2C84e8HxctBexDGiP3qiNb",800
"1NhP2zBfdQXxbGETtJaJePyWCNUPTRyZZM",1600
"15U3LmBsMNyExiMib1xPu7mwReDtATPRqu",400
"1B17Zh95h5eZ9VTNag9e89qabbshUiByLr",1200
"1FdcBichMwFx6C3zjWqgC96j6FTeFocj9L",900
"19yjxjcfc2DGRtGEzwVkmPkDiBZ4EGC6Wv",4
"1LFVuyHB6p6uixugB7PUxUvr78sxC62nA8",400
"1LZuhVRCoJetB88x814QWqUcSogPcoT6y2",4
"1GvPYNfMNGwaoN1b1SZy6JK4Zm72ZkK6HN",3
"1Q1ub4f2J2ST2obvyA9cgnfgCf8E1vGxDE",5
"195RK2kUTiNGspe9k9KdVoK4ES3gNuos4G",1200
"1M9fdXKirajPHcPXTAJk7qnSy4hNJhGetY",4
"12AAmF7HZSPVhYdrq7tUFNLUNYRTof2RMm",3
"1C2PJxFpVV8LFV3rsh9ohTYZCRScMnnuWs",10
"1NBFpnAuMY4wpmsAKni5iJMA4eXRbH5UD",8
"13HrCBkJGBT5PhjS4xg7iMp1P4hWQQoXJ6",1200
"13Vd7jXertFE2C84e8HxctBexDGiP3qiNb",800
"1NhP2zBfdQXxbGETtJaJePyWCNUPTRyZZM",1600
"15U3LmBsMNyExiMib1xPu7mwReDtATPRqu",400
"1FdcBichMwFx6C3zjWqgC96j6FTeFocj9L",900
"19yjxjcfc2DGRtGEzwVkmPkDiBZ4EGC6Wv",4
"1LFVuyHB6p6uixugB7PUxUvr78sxC62nA8",400
"1LZuhVRCoJetB88x814QWqUcSogPcoT6y2",4
"1GvPYNfMNGwaoN1b1SZy6JK4Zm72ZkK6HN",3
"1Q1ub4f2J2ST2obvyA9cgnfgCf8E1vGxDE",5
"195RK2kUTiNGspe9k9KdVoK4ES3gNuos4G",1200
"1M9fdXKirajPHcPXTAJk7qnSy4hNJhGetY",4
"12AAmF7HZSPVhYdrq7tUFNLUNYRTof2RMm",3
"1GdUS3vPJzTqT2X1YJF81kjBBCe2AQ69LZ",1200
"1C2PJxFpVV8LFV3rsh9ohTYZCRScMnnuWs",10
"1NBFpnAuMY4wpmsAKni5iJMA4eXRbH5UD",8
"13HrCBkJGBT5PhjS4xg7iMp1P4hWQQoXJ6",1200
"13Vd7jXertFE2C84e8HxctBexDGiP3qiNb",800
"1NhP2zBfdQXxbGETtJaJePyWCNUPTRyZZM",1600
"15U3LmBsMNyExiMib1xPu7mwReDtATPRqu",400
"1B17Zh95h5eZ9VTNag9e89qabbshUiByLr",1200
"1FdcBichMwFx6C3zjWqgC96j6FTeFocj9L",900
"19yjxjcfc2DGRtGEzwVkmPkDiBZ4EGC6Wv",4
"1LFVuyHB6p6uixugB7PUxUvr78sxC62nA8",400
"1LZuhVRCoJetB88x814QWqUcSogPcoT6y2",4
"1GvPYNfMNGwaoN1b1SZy6JK4Zm72ZkK6HN",3
"1Q1ub4f2J2ST2obvyA9cgnfgCf8E1vGxDE",5
"195RK2kUTiNGspe9k9KdVoK4ES3gNuos4G",1200
"1M9fdXKirajPHcPXTAJk7qnSy4hNJhGetY",4
"12AAmF7HZSPVhYdrq7tUFNLUNYRTof2RMm",3
"1GdUS3vPJzTqT2X1YJF81kjBBCe2AQ69LZ",1200
"1C2PJxFpVV8LFV3rsh9ohTYZCRScMnnuWs",10
"1NBFpnAuMY4wpmsAKni5iJMA4eXRbH5UD",8
"13HrCBkJGBT5PhjS4xg7iMp1P4hWQQoXJ6",1200
"13Vd7jXertFE2C84e8HxctBexDGiP3qiNb",800
"1NhP2zBfdQXxbGETtJaJePyWCNUPTRyZZM",1600
"15U3LmBsMNyExiMib1xPu7mwReDtATPRqu",400
"1B17Zh95h5eZ9VTNag9e89qabbshUiByLr",1200
"1FdcBichMwFx6C3zjWqgC96j6FTeFocj9L",900
"19yjxjcfc2DGRtGEzwVkmPkDiBZ4EGC6Wv",4
"1LFVuyHB6p6uixugB7PUxUvr78sxC62nA8",400
"1LZuhVRCoJetB88x814QWqUcSogPcoT6y2",4
"1GvPYNfMNGwaoN1b1SZy6JK4Zm72ZkK6HN",3
"1Q1ub4f2J2ST2obvyA9cgnfgCf8E1vGxDE",5
"195RK2kUTiNGspe9k9KdVoK4ES3gNuos4G",1200
"1M9fdXKirajPHcPXTAJk7qnSy4hNJhGetY",4
"12AAmF7HZSPVhYdrq7tUFNLUNYRTof2RMm",3
"1537QygMwAte2SrzVnfehey1qDqG5NQnxv",8005359
"1CSQNKpyQ67m54KEDF7EmXDAVKYUtUwj2A",27000000
"14cqJqYXKTTFB2T1fLwyPpqEoqrdSa2CJa",15
"1DT3fTodgF4Q11nsdRa8GbNefHMcCyxWNF",341571
"1KQN6rcqguDSUf5mtrkqQQaVF3LgeNYahR",417798
"15jEBdMetqWAqf4TyFTDCrNp55UWhf16bn",1000000
"15btLXdKwS8wtRHn35C25YQ97iKMowqfnS",64150000
"1DVAQ4xTQaK5JHPTnWEHovs7strk9uDcXq",5061959
"17saWKhevjwuKvpwmg6xa5T3wkZxWU1c3i",240000
"1596kBUA8p7hHHyKGcveNNfTNcTLfR7o4n",1000000
"19kZCN3Eqzhoicx2TZnDxr9cGQv3KohFBT",1000000
"1AUB7gWVwMpqdk5286i4ZV8Yyw7w2meyso",1000000
"1QGZc7XMK1MBkC2V4sLXQoECaokgi23ypU",2000000
"1H1PCzfJ6DkNHGSWiHsChMzDHtQdu8L5EE",4731393
"1Go2JpfbijytpEFgXjQioexE93rbdSSxWM",38000000
"13D7bEGFqgzCacprdyRyCoYSonpNcjnqap",5000000
"1P7VYcnSCFZLPuYWJyhEZTY9BB7qxYVyZW",1000000
"1KCfHk8Z4XEubW3W3mXj3n9rGUJv9pzT3i",1000000
"1C7FTDoYaPK7McmSs8FpdAQ7MDGQ4Y1bZY",1000000
"1NfP5Yr5yUBsMLMQtgbVEi3TymVaLBFjaV",16000
"1BZVsqA1D8wXPDzaNwCRaux2ZqhZkmvVUw",17440
"19RfYSST4PYf2L3MwxhMvyXawR3Mw8FWUU",23200
"17f5Ef4BGAsVo5qXxTYbEQ9oWS4SBMVLT",80000
"1HZbjDcMiZ1oxnxNDAGTssnhBLJNNGeBSZ",96000
"1xbbjJcbeD4Qi88QmJmMgTFSdm7b5WCG4",52797290
"1XU3QQ4Xrt7Fp5tDMvr6c62ZJPdkSXv6d",1003974
"1NHsRuusvqvDBkufLmxH93qS6rWWpk1nEg",1003768
"12Ddoh4B6FeHTxKT9sgajNrV2eT2MJBLYE",5017689
"14LZJjQ42fDZAReprCnos2mPdCKc7ksCUo",50000
"1Cyv5XTN3gDzRDDaCTbPkqeq39oNoreFYi",60500
"1ChSoGkFWgipPzvYsGMrar6dNy8D65Gvhr",73000000
"19n3wcfg3y8xGhTghH8zKNaWShsbdvVQae",50878877
"14ge47YThgT68933VtrnHEnFRkV6j1Q7qz",2000000
"1MTSdwMMeZ5eorazYW2eWstBAyDtRB7iFU",22070000
"1AbY99fwwKHSTvFPFTR96sh7FPzzYhP5w3",11760
"1PbsfwsmNgN3pjNuiKLgtwfWUyWf2rZRib",17040
"16t1XJ4eG1zXaYghPWuqXAdUdZfuyycih3",13120
"1A3fNBJmmwJBGJzhVjM7LqTNp1FcPGu2y3",17840
"1KrFtDPnHDYGcrfE91obuXjhz2W6dwBbwh",15600
"1KesfFctrhK8mb9RoTcLYk8TH5GQMiRssG",10720
"1MzE1Qgnog4XJ4hq4f3iEkiCd8Qob8h6L5",11120
"1LpBJvjfQrtCdUnVB4ybTJGBYmjeoh4Wpv",23040
"1PHdwKuU9aGd1V8xFG4E6jwxcAW4DuLsDd",18480
"1NLJCpjF1U2XY5xLP1cD24NV7281GkkzEJ",25120
"18EZaHu8VswgWde8JG3u9uGfLimeuErExx",18160
"13sfCujXSnTJu5VW8eQfqaYju8SNUPq1m9",13120
"14xAzHG9sa9kB2TT9Zi61PPMsj7UAubbp4",25920
"1LbuMFGVEhdrmTH9CpgVfJbqq1bQrb51nC",1300000
"1P2AHAber9QTBT8LKxU9DUaRmk9pwdwhFH",1000000
"1NiZ2G6xQz2nXPw6CS8NfaZZ7xbbf6uKvi",20000
"18BPrN3pnXffqFJacRXBeBMWJhUGvbCqrr",7551
"1C1g8QFEBB4ZsDA45RsLXCYKaPjMhkPfYS",6909
"1HSvxW6QNZhBk9mPfXYxP6gcQQyHmbHb2v",3987943
"1HofFFGzpi9VN4FAHa7uaGh9HhDK6hivGT",16900000
"13QQWAFimCyYav2LcwegZLDcoMaspMxgoJ",10000000
"1FCV8WkXj2MhJrD2tnL47t7t3ZPLTxPtcp",800000
"1B7VxVzib2Qcv2UpDZoVQC3txFHixsTd3z",10000000
"1GDbPeFA4v4aaNxmEsAzGJCJ6PxJeiXrMo",50000
"18xxYymrPcLpx7MgRHBDZzNb4PZ99J9xc",12306415
"1BrvveLSNAgNgYLgCy3nCRV6c9dg787He3",5800137
"1GdUS3vPJzTqT2X1YJF81kjBBCe2AQ69LZ",1200
"1C2PJxFpVV8LFV3rsh9ohTYZCRScMnnuWs",10
"1NBFpnAuMY4wpmsAKni5iJMA4eXRbH5UD",8
"13HrCBkJGBT5PhjS4xg7iMp1P4hWQQoXJ6",1200
"13Vd7jXertFE2C84e8HxctBexDGiP3qiNb",800
"1NhP2zBfdQXxbGETtJaJePyWCNUPTRyZZM",1600
"15U3LmBsMNyExiMib1xPu7mwReDtATPRqu",400
"1FdcBichMwFx6C3zjWqgC96j6FTeFocj9L",900
"19yjxjcfc2DGRtGEzwVkmPkDiBZ4EGC6Wv",4
"1LFVuyHB6p6uixugB7PUxUvr78sxC62nA8",400
"1LZuhVRCoJetB88x814QWqUcSogPcoT6y2",4
"1GvPYNfMNGwaoN1b1SZy6JK4Zm72ZkK6HN",3
"1Q1ub4f2J2ST2obvyA9cgnfgCf8E1vGxDE",5
"195RK2kUTiNGspe9k9KdVoK4ES3gNuos4G",1200
"1M9fdXKirajPHcPXTAJk7qnSy4hNJhGetY",4
"12AAmF7HZSPVhYdrq7tUFNLUNYRTof2RMm",3
"1C2PJxFpVV8LFV3rsh9ohTYZCRScMnnuWs",10
"1NBFpnAuMY4wpmsAKni5iJMA4eXRbH5UD",8
"13HrCBkJGBT5PhjS4xg7iMp1P4hWQQoXJ6",1200
"13Vd7jXertFE2C84e8HxctBexDGiP3qiNb",800
"1NhP2zBfdQXxbGETtJaJePyWCNUPTRyZZM",1600
"15U3LmBsMNyExiMib1xPu7mwReDtATPRqu",400
"1FdcBichMwFx6C3zjWqgC96j6FTeFocj9L",900
"19yjxjcfc2DGRtGEzwVkmPkDiBZ4EGC6Wv",4
"1LFVuyHB6p6uixugB7PUxUvr78sxC62nA8",400
"1LZuhVRCoJetB88x814QWqUcSogPcoT6y2",4
"1GvPYNfMNGwaoN1b1SZy6JK4Zm72ZkK6HN",3
"1Q1ub4f2J2ST2obvyA9cgnfgCf8E1vGxDE",5
"195RK2kUTiNGspe9k9KdVoK4ES3gNuos4G",1200
"1M9fdXKirajPHcPXTAJk7qnSy4hNJhGetY",4
"12AAmF7HZSPVhYdrq7tUFNLUNYRTof2RMm",3
"1PW118WgEWv9oLTwSPG34MfGuws2XTHVK2",100
"1BpcqmS3BmCPtJzViig6iWytLkBXDyfhFC",1090678
"15MhsuCiK2g7XtdiFHJRVoovLPdWt4kkvS",900000
"1CXVJF1WsAdeZQxvqF5zeA8q4kVhqxZN8q",2629573
"17hJY8nyHHDrBecnvxdwhTbh4ypnPGDsyf",370000
"18YQqr6Aaryba9c764QHhCUFVrTnN3jsij",52382
"19M6Z8e8NwLJMs4qkh7FzUoUV1wZF1rLij",7904
"17NJDbEernwSFjcT4jC1vp2sRm7swNynzp",7208
"1KLfTMkRnXxp6oimduSoZdruxwfFAWQiY8",6336
"1HLLC4FJsKiqGPTAJQE2cWFj5uib7ERqv3",8326
"17TqfE1tT93nvfppK7q99sCwVLKux6L5Zv",8024
"1B4MVsSyjwkpDqS1MmB2vszK2xUFohsUfM",7605
"1Ci375gcXKHSQv1gJ4LoeY6g6LzKZvHPXQ",6424
"1EPW4TWL57hUBpKSaPNKKb8ubxgvQqyfY8",7192
"1A4ZCcGA1Mx3ibUiJbnV57WzpH7pxf4J1G",6360
"1DUb6Lam1F2HHqXUQYsiQvieUcGkhhmypZ",6120
"1JsSBMVkXiG7UpFgifmqCr88c7eNNGjaTg",6208
"1BgcMgnMXThK9RGgG89krmMgKz2Tyv9nPh",9034
"1No3hwE3B9PDSWPkHyHZqjDQnpFdJBtMkP",9664
"14Pd4oGADJaVC44j5Xrd6zeFeuMhsW1HKA",7392
"1J7i3s9Y9MCzjrrmFpTU9hfh2YLHeUXiYw",6944
"166hpQdeuaP67uAyGJQaVx3bsL3Myz8bxw",6100
"1DyDrwKsx3HjRXK7xQ5YRZ2YGfFdcmh1Ys",8122
"13fz95ZB8PwiiTUr9jwfrtNqUu4K2FMR9X",6568
"1NVNd3ttm3iZXwtf7QYdWx4VBSNEeNLL8J",17616
"19MKgZiSRYTjSTDp4QctM6vSxmYcvRpVVE",9488
"18QQuYkLgwbtPhEBDsRd29W5coWjmrgL1u",24461
"19sZFk65dcx5qromyMf2kiB6ZWiY8u4Fad",7392
"13e39ZYkVeKCn5NW2S6GX6WgzQyGQUsrfB",7452
"1JL1hJJBNkYdrvfdD1htsguY3XGuezBw7u",8432
"1N3jfJgAHXFhwLy5gkXmB5kGGwP8UQatEc",6616
"13JnZ4mdzUhsSLuYn6HaPzzADUVWQhQS5w",6472
"1DFw1VncjVhqdg6GWoQ6Qtc5ncR5RHXxfP",6352
"153XLPC1tiDp1NySXpQMJGWveSFt842oty",17944
"19gM8MtKvZGeSZ7ZRNqKfX4iUWYz7rWReD",8697
"195RK2kUTiNGspe9k9KdVoK4ES3gNuos4G",56207
"1MvX1RB5ERDx1xMaWQeH4zWZgCBB5i8BxD",36181
"1Pr64zcPaEGmfxMmMJa4uwiXKEJ3Ju4e35",1684809
"1CRhBwC58TZcaU8aKjdybQ3aN7E57x8Vra",1000000
"1GgKgNCTe87LET5c5sf6bG3B4iWw6eaXZ4",1000000
"1C7FTDoYaPK7McmSs8FpdAQ7MDGQ4Y1bZY",1000000
"1Cd5DdsTSTuaefC8mfmcei2hZ7xu52wGPh",2500000
"18HAbSZvu5bBeSqTZP2JRM7ny8F7KvSguS",7750
"14SGWoU5NKgqq68yhh5ySwwW6NKtHtbCHz",9500
"1Pbi5Fq3McK3hPM1ZX56EbYuVYnuBJSD7u",7750
"1Mj9P8GaaruRfvyTMx7CNHSRWT2bofSfxP",9750
"16UeeuN3Mwh7w2mzU3JcCsdy5HJnNfPFRJ",6000
"1NhP2zBfdQXxbGETtJaJePyWCNUPTRyZZM",8045
"17tz3D9sGWwTRv1H8P4ydbSQZHuP2oN5EF",7250
"1C1beH9WU2NfSXTsMW1eeyhE4cAS2sJkUV",7499
"17aQLd4P1z2dv8NAUjAxmC3x8nhhtS6jPH",15750
"1MzE1Qgnog4XJ4hq4f3iEkiCd8Qob8h6L5",19000
"1P5WoH2FaEjoA6Umpu52J3YT7xRYticb15",5750
"1FxMWEaHhiGFzJAz29pAJK87GHnsmXUdBz",18750
"15Y3VvM8xwr8XjkA2aKjhFiNpZWk7Ve17w",8250
"12ovwC54ZW3kXRxYCJPZsN1NfRzTvUmovx",14250
"148f6spXgWuZXsGyW3gZDB4pWKg7bNCDbm",10500
"1NnXNyvs2ZYwbmkZLQAbAfKr1BMvC7LzkY",5860
"1PsmfayZLpf4vp38JW7eMCWALqxD3xuZdN",6999
"1JoxrjE7kQ5CTCsFvn2ndYzhHe1f7LGrZX",9505
"16cGLSf54nd871pXAg25FSfNjea2ipNQEv",8000
"1AgothgjeZ6knsb1Qvxc2bvY1JayxZFDJL",9500
"1FSmYXXYP8JNSBpY4CLxhTbXgzwGKT9jeu",19000
"1B6vWUALMGgJbbHmv6GSkmqeL5gL2t8G3h",10090
"15Dnrokexv37iwEE4CK2iXn6rY1mWkZ3ha",7750
"18L4EtttBLkRhHRW3ZyotkAnwAAxVUW699",9000
"14kYtJuCzTfHac4bqJEGNYJczraAgbQjj4",9750
"1FeMMBmmnpZvpqrpKdxiYQkubqjwH6Wewm",9500
"17397TiK1JMPCeNbMSsoHELJZMmUMkaP3v",6250
"162ssfJ3VUpz2k5ThCbCt8HgyfSPUYP942",5750
"15i3euq2vVPbAmzbYaUrhVS1kRkHRdKb9x",23000
"1Q1ub4f2J2ST2obvyA9cgnfgCf8E1vGxDE",5750
"1DmfzWc2MmLKLYV95KitxHUe16FfzcpB67",8250
"1CNsqNvV3RJvbkrwfjPeizXSCESFKsTkGd",5510
"12HZEbBTPGVHWzzMjB5ZEFS6b8s38AKBft",9250
"1EW94BGmko9jT8rM6cZ9k5oPDjgjvD22m2",9570
"1ALPGAiDCciyj2d9kHreoHGPnLGGaB489T",8825
"1KJ4SEoy9Jp6v4wHKEcis8dCQKrsyt1xrD",6150
"1CEc4AH2i8uvWkHxeFgo1R6f4p1NcArnYY",33250
"1J9KnT8dqSDRz7v46bawiCbkJ7dJh3UQJw",8250
"15mgetkK8yFVFkpcJVPmXtCsp8PJmp6k5r",6000
"1GwENdEQSRuHjpvVSbrL5jJF9AJGmQsmYZ",11250
"1BVfHDazCkk7YDkxFSVdcKiWgAGXmEjFgm",8009
"1DQZUyhomUS3Z1B28Py8sA3uJN3rPAPmwp",10005
"1DLG2n7r8HKeUDv3z5iz52v8ZDv6PNNtUs",8500
"14hbnhAyJNtth9eCfnhfaHJkdhAEhTXTnx",9500
"1F8kHXjtw8ie36UBPmWRXTeEK7UHtP5CMe",9750
"129nHqqM4pM8TFs4Gk3tf2vJRpgRZ497vV",29250
"1LcgNfBYGUcTD4drDtbXTqrwmWiooRYT5u",6999
"193zQFMtqSpr41ptfciby4wwtdUME64XcH",7705
"12HeAVbpmrq8bzXwUTkxu3BqRnQJzxF9fK",8260
"1HSXAmkPo82N7fXqCHb1Z2XA5oGMTPVCUS",10250
"1AyVRQfgEBgaE1cKizST76KnWrZapEoUbv",9500
"17Qy6fyhRzGezU62Zp45wKr3rz2WhYcmwj",8260
"1Mb7Ys5NiinXGtniEbDSMQ7s7L1ZVYRkYm",7499
"1KDUqqLE938xW6BUP9fBoXWK45vPCVNimr",19715
"18gtc5oRwjZEZMp1ETNVaUDa4KoZYPvqDP",9250
"1LqTAeFztM8nxZufQyFVJSxoYRNvc8J2uB",6530
"18raVRXp7Fj9999GgGYgRBkTs15kU1wVqQ",34000
"1ASN5GUzRdTqYr3prpSoC99Pfemj4aBmzX",17250
"1JXA6iF3kZJ7HLQhPnHJbwwdQ4sRKiB6YX",14250
"1uyCHMK3DydjPh25VHuCfmMSE9jQNd2NY",7750
"13LijGvToGqgQEVzAnt4wgTGKtpG2uKuEu",8000
"1C2PJxFpVV8LFV3rsh9ohTYZCRScMnnuWs",19000
"1CBJwFAefA1X9RuZKbSteC9xwZBuRv3X1p",10600
"1LFHat2C7RwmixYbPXpXFc4NoreSzKL8Sc",24515
"1JozefPTC9GF73wWKbMJxpgpAYWdVtZ1ji",55999
"17J8c8a4enmgHkAearneYXUUkB1F9gEQc2",16250
"1Dx68pY2d48qUtMZQcTVyyVTgioRcp9wd",12000
"1DqJVwAg8PZT25R28UgD1mEJrdcnBw6nLd",5750
"17e9HJz21RyaqEMKVc9XDPpNkSZbLr34F7",6040
"1HsUarZBp4UJRZeKWppdJg44mKsDoM2s3h",6150
"1F9hyyZygMMrujSdrrM4znAp9CBqxMq2Uy",9250
"16BHJuG4bhRCM1JVRP3HVNWveCWg8yBZaj",9500
"1DZtb85D7oPp7FFn8RihHzRkLZZb24UW1Z",55000
"1HCeSniPEJF11QjJtLGZ6UnLJfHpHmzuJs",10250
"1AK4frxcVB6iqQGfftYrL83TPMBEpm7a7y",10250
"16UzCc6DxVpLGhJH6ZRe2jBLECnWmfUTFk",9750
"1HZbjDcMiZ1oxnxNDAGTssnhBLJNNGeBSZ",21500
"1MsFJaQQL2zSCjdg6nfmudXPhYYyD54Fof",6499
"1D56TuM4D25H51vHir77mTdHL7miey3FZK",10000
"1JvRzGngKoiLDoeJEAk8BiivURm4DgyZaJ",7260
"17i2TzvVBETuzDKPpwGUagCDzRXPc4zWhf",5500
"1N7DjZmMdwMeV9xR9bVAwbhBaXyufwyePq",10750
"14FwxJsy4vEMMe8YePaHsfn57PQkJx4nR2",9500
"18GFwVTr9wPn1ECBbyWNERFaMsG8CsUy2d",10000
"1DhSC1e1FtGNcFPWAYk2QhLDKQv52NsrQN",40750
"1Au5tRoTNYfCimRJ84uqorqbTbrMgzH7ZM",9590
"14PgPD7ah8fVPR4xqQcozyURi928qC1p7C",9895
"12yCYg7aP8AGDyXjsKrr9rVfgrcejH3YYB",8500
"113XByyrN3KrLFS2NHpAS9dxFidZJPGY5t",19500
"1ESRonNGtiCiuLXLNMpFBsqBwoQjci6iJx",14750
"15KXM97ZcA8FgJfEgSU8MKLhgFTTmyc6MJ",14999
"1H6QFzCqxvTgpcEGtygQivy2qmPEN8obqm",13250
"19MZJxcCc6ks3884Cibaxnac26drPHgNmM",9500
"1LT62NF6ADbCYddY54iupkW1Hsoh825npx",11750
"152UqzdYSnD6Zx9M7MfAtYufmjr48sn941",8755
"1HcQP6LhKKNTCQ8BkbJYet93e1cHJWvgo8",6750
"1PM3YGCFrw2sRUqyTYNG4WeMRMX9tAcK8z",10420
"14f6JmeqTkMkeAdWN5Kd2TZyxqp1iZmnpk",6000
"12BXAR97SXiHmSNvbJ5KBVKeSD5JDXCxz5",6000
"15MCt6NEXuqXVczLJrvgszN3ZBXdm72e1x",9965
"1PVSjZ1WTCK7Svi1ki9aaukGvqpR49UL15",5705
"18JdwxaPnEgVDBqPom88HwcjpwK41ozRge",23900
"15Q4ojydtq3hxpVpiN3WFfTe95fg9yAWKS",13320
"1EaM49PSrhDUQuKergKRaPtodQKWVN8RK4",18250
"13Sao89UYCmqHLQTNGVbXRHAd56aNoctfk",17000
"1N7V8awZPZpU4h6S84RGXc8gw32Gb1jLt4",9670
"1HCERvweDBWNLtrbVQSpbCwLvzCDQxsCsq",18940
"1VRDpqw4YU44PjCk29FiZD1HhDybvajve",6175
"1133o9WSjL5H7fvBcYUAwCsEWVmZVPyRRH",9870
"1GxwUq44b9pSgzJ9RFKmyUn1fbVWswQEvk",9750
"15xLRoLhngRDjzpUSuUiLgHo1Xf2sH8mmt",100000000
"1Q4UUum4YDQJqKXN7Xvd2s96bwcmt6PaPH",5681448
"15NbAWLRHHRtTj1AkprcMFvb5T7EJe258s",1016356
"1J1o33kprGzDxMT7jf4UiLjy3kn1nBXoN4",1000
"1Mq4T3XRfTTxWkhyP9XQENm4V36BJqr7Ys",1000
"16HaWHfUszCZG9nX9kCxTwxwG3yfRSMxRU",1000
"1BLNaWMorUx2KJhTfVW7Nz5BGm9JHtdQZj",1000
"1GBKs99WSDZnK6BiQaQKyvdMyLVfsvj7YH",1000
"19SStpJERPtkKqJSn3BR8A3XMec7mqDhwA",1000
"1LWp8RcauGeF6X1y7cy4mys1u8YwHtPYrW",1000
"1MQf8R5gUNYSubbDfxKygn3CsssHBiCGXK",1000
"1GdUS3vPJzTqT2X1YJF81kjBBCe2AQ69LZ",1200
"1C2PJxFpVV8LFV3rsh9ohTYZCRScMnnuWs",10
"1NBFpnAuMY4wpmsAKni5iJMA4eXRbH5UD",8
"13HrCBkJGBT5PhjS4xg7iMp1P4hWQQoXJ6",1200
"13Vd7jXertFE2C84e8HxctBexDGiP3qiNb",800
"1NhP2zBfdQXxbGETtJaJePyWCNUPTRyZZM",1600
"15U3LmBsMNyExiMib1xPu7mwReDtATPRqu",400
"1FdcBichMwFx6C3zjWqgC96j6FTeFocj9L",900
"19yjxjcfc2DGRtGEzwVkmPkDiBZ4EGC6Wv",4
"1LFVuyHB6p6uixugB7PUxUvr78sxC62nA8",400
"1LZuhVRCoJetB88x814QWqUcSogPcoT6y2",4
"1GvPYNfMNGwaoN1b1SZy6JK4Zm72ZkK6HN",3
"1Q1ub4f2J2ST2obvyA9cgnfgCf8E1vGxDE",5
"195RK2kUTiNGspe9k9KdVoK4ES3gNuos4G",1200
"1M9fdXKirajPHcPXTAJk7qnSy4hNJhGetY",4
"12AAmF7HZSPVhYdrq7tUFNLUNYRTof2RMm",3
"18uN6qRD6e1BTGCKrWiqWB2JyZSf8awJ8j",5200
"13RadLwHKmtTg2KE5SGmeM5Fq8S3eVMRwS",10110
"16jkXWZ4XpTFRXdd4c3yZTR67LLxy5CJ14",11440
"1KqW68szDEyfmR19JKtRmXvVKCSiSN7PVU",16160
"1Hot4be3ZZnkUjsr6E4fYW8a1SMmVkBd9m",18000
"16XjAgHiBpuxbcdP2TvKAF5Wha62RfsqyK",23870
"1MsFJaQQL2zSCjdg6nfmudXPhYYyD54Fof",15520
"139i7pArmNJPLgU2Hpjrwc3tnrLpzkuWLY",10080
"16zCe7r1FhiSYRapUNYraHWEaeBV6ByHkc",13120
"1N7V8awZPZpU4h6S84RGXc8gw32Gb1jLt4",19440
"1Nz7PF6TeE7FEgbAczYRvPMRKz6ArxCyqL",14080
"16UeeuN3Mwh7w2mzU3JcCsdy5HJnNfPFRJ",13200
"1LJ5KiU4BGrkHn5RSfeLNg7MrFjyNb8rBw",17760
"19Wgihj8yUpiAtCs7x57gqSY4gVGHNxhcQ",12210
"1NhP2zBfdQXxbGETtJaJePyWCNUPTRyZZM",13120
"1NnXNyvs2ZYwbmkZLQAbAfKr1BMvC7LzkY",18240
"1NSC2gL5eNgARoWVdMvM3F9HUnM3u5WVDV",10470
"1FoQSvfBtTRxmfmghZJ6EgF1k7ae1xdnUT",26240
"1ACtJGjhZGUKkyBConFbzCEq4K6rKUxFLc",10089
"1AcMyahnmAEWLfGCpztTYbcaVhLLgpBVK5",13680
"1KQ52TRUKWVmMopMYMEEUqNnAWsVuVXpyK",20150
"18m2Rg7oimmtaYyE1LNAaRKqfNhLHMdMZc",201943629
"194YFJqjYzBntyxPZPCWCRHrcpEQiFfAy8",15926
"1MbeQWfuv9Lu9SGzFh49PhXtrprM2WZ1C6",100000
"13RYYdgDQqmuMjEr3vt7QpUJtChLEpDLE7",90000
"129YPuQAKdtSzsdvrMjeKTdcRKWNiPymFz",1007826
"1AikcmG53WV4AUAbLCdpxH1J6ojAQhevNB",107703527
"1DZwadtccjX3bQvAmhQGkdrqL1zdE3CTXd",10037961
"1b4hSSRWuHqZfr8jupTYgrWS9fAfti2TN",1002022
"1GK2Fk3LZX5SSuWvEMbrAwQDf9TCne6ceK",1064872
"14xz6jquzj5koWCK4eUTGBkZUuZkKfctkT",3068894
"1CtExFP9tEfbmJPBjUkBQ1RFoVaMXBnKxD",2112806
"1CGLCsJbuEeetRpH8tvC8aRC1dUNqgWKi",100000000
"1F4UTa3V5q2m7Wn8eFLdThA2gvGWBsVg7S",720000
"17e9QjZvM5p5ZfppXpoAgm6bWCXRRmGVvP",99990000
"14LyzT4Q7TX8ykWeMrksBJ7PUoKtHpprpi",1000000
"1D5dDSBkY8PvVmScWwAAr29eMvqqU37y5s",1000000
"1GgKgNCTe87LET5c5sf6bG3B4iWw6eaXZ4",1000000
"1C7FTDoYaPK7McmSs8FpdAQ7MDGQ4Y1bZY",1000000
"12TiVqrdRQ51icUfrX3ixa3q4FLJs3xeiK",100000
"1C2PJxFpVV8LFV3rsh9ohTYZCRScMnnuWs",10
"1NBFpnAuMY4wpmsAKni5iJMA4eXRbH5UD",8
"13HrCBkJGBT5PhjS4xg7iMp1P4hWQQoXJ6",1200
"13Vd7jXertFE2C84e8HxctBexDGiP3qiNb",800
"1NhP2zBfdQXxbGETtJaJePyWCNUPTRyZZM",1600
"15U3LmBsMNyExiMib1xPu7mwReDtATPRqu",400
"1FdcBichMwFx6C3zjWqgC96j6FTeFocj9L",900
"19yjxjcfc2DGRtGEzwVkmPkDiBZ4EGC6Wv",4
"1LFVuyHB6p6uixugB7PUxUvr78sxC62nA8",400
"1LZuhVRCoJetB88x814QWqUcSogPcoT6y2",4
"1GvPYNfMNGwaoN1b1SZy6JK4Zm72ZkK6HN",3
"1Q1ub4f2J2ST2obvyA9cgnfgCf8E1vGxDE",5
"195RK2kUTiNGspe9k9KdVoK4ES3gNuos4G",1200
"1M9fdXKirajPHcPXTAJk7qnSy4hNJhGetY",4
"12AAmF7HZSPVhYdrq7tUFNLUNYRTof2RMm",3
"1A2naTzcvdmyQyCRwMn6EWkHewxwbFFwLu",900000
"1LZhVkdi8PzMwV7oaj1ziVgxb9KxofDXSE",40000
"1LFyxKjXoMneeN4XbjuVMzpSVEoe6CNusc",154800000
"1H9CnreMwazFJVi15FmzPvvf3tbyFiLcAk",224843
"18gJhCXGWUD8MpiCvG5rbr5qava857Lgpr",259539
"12P1pn2r3AeSpzac2cjPiDBCuvgus4gnjf",263910
"1D5qBArsq29qASazA9wNqr235s8s4A8hQx",272652
"17ha1BYhDmear4WqThae681HzzHPT17SSn",287678
"1CfpFnffcA54FYFjShQpmgdcrbFs98FBxE",358710
"1PDgjxWin9dtSoguMouPNsy7dLzLYmRcHb",400783
"19LSHErBbSp8E8hA22FsNvq4MvVyTSmwGw",731982
"12TeDqkdNWXYafpghVAdK4DTnec5KGtXRv",802631
"14aCUm2RsMuF2TP4V699BK4KWY9HtyxPLq",150000
"1QBfGytSyVvLeZCggyboZr6exfUniWSiQL",52435
"19xcS3qDDB5qHsaoW6ZY8XCxvAsbqcSrRQ",40000
"1E1thi3RFFohnRxKB2gw4ZiqKnowdBiLMf",4939
"14RuA9wikp3GseruVWK82zQjPf6TcchJbT",950000
"1BTaNR1z6B3g8Rwg6KaPtLGLnp1wCqGSXb",705600
"17LMmFSkuJDq6AMSy7Zq7hUxF8SN2rU2kB",695800
"1CFKT5RvhhjH5Mujc1Xn2CyRbPyLVaqncx",705600
"1LBb5tpfjwvyuG3GfDPenP7pEUMx5uvRZu",5000000
"15R1La8BU9rYXPXzhiVox1Vi8wmDeHSgQp",11085
"1FstytaiqaCjMK37QzsRRVsPXGS72BV3uj",750000
"1K97Hx7TEjcvquBqGGJsNK4tk3LFbuHNdp",61500
"1Fii6LmNfHkD3GfpxsLu652PrhinXRc2Fb",705600
"1QLAbjAJP4UB3bXUW4MxhJ59A8pFhxx9s7",9607
"d-d2caf625909e5c293e9fb79fad7e217b",0
"1JeK2pw8HQ8MYM8nJqrUt4jGX4E4n2vuU5",53253576
"13mHzsierHSR9NKtkr4nCJM42B1gksP3Mg",30214834
"1Ppq2YaEiqM1CqAbaKe8B9eTxCYQeQxb2G",21860322
"1Miningm9uQ88cPfzSPEbvL1s5jwCffkAo",15971260
"1CTgYxMTY5j6SLytKeMsBWAXuUc6yNKcAe",8932169
"1QnLqweKzZdbEwHAzxJNZK2EX1qSQvgkZ",8668043
"12KoHCfaPLQcmb1hznNyfLfarh9YParee2",4134346
"1MvgSQGEq5zwMgAm5BviHbaGo2eRrBDksg",3263766
"1DT64QpM1FdjtLy13cjaZ1jU4mv24DuRJA",2593659
"1LBbaKjuyocK8bs7YAWjbiqvViypiRZkhX",2017589
"1MinerXnsnX6Z59HjhwJvc2txqeBPVbDMg",1395636
"15nVhBrHdMGq8x2jXVebF19NcaWTqp1a2H",1074468
"1PRn1QJJTPpCqux7gsfvLmzuRkyWCbPQJK",1067245
"1KvT9rETFqdd2NhGLU8UYqVKc8vDdjWhah",1032536
"1GG6Z7ERgxE1nMrNSRqdc28f7Sa63eTbik",784685
"1PVbiJW6pV1UKsrCuDqZbU7VsHBmFzPUKw",634686
"15cu7n3YNrHSKLt3YTmjvKEs61XbKGEwAR",419544
"1JftvfaYRRsX3yFFvTeSDAVKvxSregfsKe",392827
"1fFbcxGeYZcqCDQ2F6Jrq5R9QcBn3EQ2i",385520
"14mj92z73ASfoySxXHe9Mu4zBL889bVhyL",384242
"1BE6mC36eFN6ijcFsUfYW5VgaCCNRyxoar",379560
"1KnLDw6RTnvYhKQgj3qGvEZLBsF981Cs5e",355971
"163vc7EjEy5LgoDXh5tNqPkQiqG4a8aYL1",353437
"1MyU5G4nomVDFZQrZ3cU7tbyWsVtwqe75i",6000
"1CAeMkvKxqFpc2yZc6eLGKLYfGYTJZtnZN",92
"1LFcXtTQVGYWKoWgmRfwqPoZMfuxbFTgwS",10000
"1Q1zgThmEoMoxwxqTU8ZHur1jsPRLoiHnU",2054368
"1PPQVQscracSBpxRJ5wkv1oQQhabvMnZx4",1000000
"1596kBUA8p7hHHyKGcveNNfTNcTLfR7o4n",1000000
"1Jrs7Ucay3Nvx3rMhLeEqgdjYMwewBamw",1010271
"1B5wLX6yzTwJ3TLMGeDi43bmgGKBVf5ckW",110429911
"1FmZxjRDKEjfnmmoCNYwnwADWFV513Qudp",5014938
"18fhQdCoESVpmdW6aTgbHgxqtWUADtWwhA",1005153
"1EFFWcg7MJEsTQtLcwW53ziba4B7h6wHdo",1053209
"1KfKfKmHRZccsvsc28sfmkBLV1jV7mfeVz",1030767
"1MHccEzeognwyvrp6PkymYQopEP4AZs3EN",50249002
"17yGdTNzkpYFkvrkbKERCWH4mXVbebkGYo",1000000
"12VS83NDceLHHh59Vt1QDmghSWvmvUj7WW",12000
"1BZyxtd2uYuhy4kJRDVeRCn5x8Tv3yASpV",45000
"18VNUW9P6rTxPry44N5ftNfn5RtVPrs7hW",20000
"1G3nnpfdbM5ZshTbbEzfvYp5twHdKYahgR",335000
"19hzqHRT5jfnSMF48UjsMr8PjzGrUBywrG",11000
"17JwsT7adGxhDzj4gpa2JBE51DtbXedotL",11000
"1HuF4TDwr8d41ocXeBimBPj6KY4EZP8tRi",24000
"12HeAVbpmrq8bzXwUTkxu3BqRnQJzxF9fK",42000
"1KbdRyZKikrP2yEXu4JK5dqE8yG3KyKCcA",12000
"1Aj1CosctFfp7utjoZbba9uWDUKawjNkpB",12000
"17i2TzvVBETuzDKPpwGUagCDzRXPc4zWhf",22000
"1BuY6MJQzk95y62gSjDLiEESsLydpe7hu2",33000
"17GziGYDJ43sEb7ErwVjfbT7WWMArKAbht",29000
"1H2nMPonFcgU92NjDRBMsvZ8ZQrgSeCpMm",238000
"1GKPcLxVrQHbDJoAkJzwvM3tem3dxC3iqN",24000
"1M9zJiU269VY8KPXB7YAjbJV5EBg68sNGz",18000
"1CFzEfnfcT5Agdvx9PGCBnMYR4wrieYu1s",20000
"1FBxjp1fsPakacmiHRCkE7QUPhcrkAvf7K",10000
"1FXxAuD5tVT6M6wBH1xM6aPLnCyLM6XRQm",27000
"18yjbmsnCyTzrB5zpitF5bHF9VXrNEzUWi",33000
"1H4r6Kv8bbxYPjJe36EVL21dimTXM2Ruhw",18000
"14mdnQpPXQMDqSSYSjhRqrwaG4vDPmkNMK",16000
"18rXiLWMwwp3aGJrEXhBgZ1NNHdadwa58u",12000
"1Ngff4RDhNQ4BWH85tWTtPGu2uC7yJNmQ7",160000
"12HZEbBTPGVHWzzMjB5ZEFS6b8s38AKBft",18000
"13rdsX37gvUgqFXpPShG59JZH9MjvSKjgC",22000
"1Bjx1NZGrqYu95TVEQzkRRkVp5XPWitxWv",12000
"16dS5jmEVBq4AVvnt3um8DEUQAe54LRYSw",36000
"1M7DKiYsL14QEe8EmmGkaSispG3kqGnWrK",12000
"13Vjc9mdWc2NeMFUqRYJJPDZWNZSyeFXtp",42000
"15MCt6NEXuqXVczLJrvgszN3ZBXdm72e1x",425000
"1zqkyH7Pfyt2jXXHBb8rBdyiDzfiL7yxx",109000
"1GXhbjDPe9sFqEfDEtWaRR2NiXMVMuKMd5",12000
"1B3mR8u1QbxK3w1qXT1aHdDxApzwZdiq8J",80000
"17Yp3z6C6kKRwf6V9nz5YQvXs5AFTbBf1x",12000
"17V8sSnB45Ld9E9RvGRtiGaKbUX6phgsAB",28000
"1MUJvdou7Nmm8nVX1GTVoxYkGqikpX4cYu",18000
"1Fef3ieaqivPNcvYShCiNoKmTYiVbQky7N",100000
"1NunVjUmv1kYgf7NvL2ZgyUmWfwB9NtCqt",39000
"1PsMrFs5RAzKz4b6SdykRscArGR6oGnsvZ",20000
"15Q4ojydtq3hxpVpiN3WFfTe95fg9yAWKS",12000
"14XAPWxyb2ZNKwhGwpZDYF2xNkW8dxC3hv",31000
"14wA5cLDtH7XEPoX4HwoQLfPrQ1JeJW2xC",10000
"1DDJophNGtYNQiTxRfeTu7pAsR6gPMNK98",30000
"16UeeuN3Mwh7w2mzU3JcCsdy5HJnNfPFRJ",12000
"14dk9bnpvXvVJyFfcD9ApEbkhJG1NWFqu3",11000
"1LWp8RcauGeF6X1y7cy4mys1u8YwHtPYrW",16000
"1crWfCn4CbSKbuoGsUxYxFJku6usCBkoM",13000
"19sF31rtGhxHh9Guo25cL9vEsxHXjGMHTB",24000
"1Fti63vkZib7oRfRXtJEVseGnsu6jXw5sY",72000
"1DZhcDjojwWHH4cLMe7ZPNiCPXzR19ng6K",20000
"1GUwUmNgCZARZKCmVFWnK29t9MH6srJoMc",44000
"1FjMdLwFNghDYM33DTRb8wuEsx9kjs2nA",39000
"13pzfgxRBZatLecMnLfbGyBokcXLpVddgb",42000
"1P9F2YJGyihHjTt6FALrFYJtLewKT2Wy89",33000
"19321gE9DE3UudjqUy46VroVjs3Z9q3yM9",15000
"1LEyvJV9EvUZay4owY1YBbTSyggrX8KbEm",24000
"1oiGLWGcthYqWBJipwwuKJeQ6uRpjGCmr",32000
"18rHMjS15ujoRHicWxBFpxy5NCzYA67HxW",18000
"1DmZLuCvNaDKcAZP77N8kddphULE4rBN2C",12000
"1LwznxSvW7rgmVvKkM8pYW8daFZabYmTpY",13000
"17a3P7BjmdgnwttedAecmeyaXjQWwKT7GN",16000
"13mS3v8NxV1hQ91crgAkoPNGrPojT8pZDF",24000
"16Vegzx2N5U9xSbD3XHMLL3egsCeUcCASz",72000
"1G8bD7hynKpRSsQPoH51HVvEjEoaVJwTBL",24000
"19UEqSSYWmShhYDWUXc2gvryffgM1qTf2J",36000
"1CeCzAGmCLDuwymvddJ9Nc2gpUhPyggoZt",244000
"1NLxAn9QZTHQgtrPAHSBUygqD8RRmu4nar",21000
"138Ne4843cCRCXXs5bZJzE2cjdLW8fbn4p",52000
"1DEAfJMoPpDAJAj5c4wYWVgxjEPzHb6Qtz",63000
"1DicB26yUHtyBpTkEPL2SbGPzQ6ujdJwZi",22000
"1C373dYyV4j7mhp18FhB3Ws1U1WLpsMaKC",28000
"1679iYKZngj5rmFww4TB5FhxP4E5eMXc69",20000
"17F8AAbAjEeDVGwyCdGoMpYDscWQ6wrJpv",174000
"1PxgDCJzwkgUEbZVJhMNcmfx5pLn6wzsAE",20000
"1G1bZ5v74Mjw1CdN7nKcbGGQiBpSDCXrEz",12000
"1Pz3iT9ioFiZjvvocU8HkdBfzoyENPaZuQ",40000
"19jpwFFc37QTmJo5f2w3amvYWHE7ffYK3",13000
"13RadLwHKmtTg2KE5SGmeM5Fq8S3eVMRwS",16000
"1AW37GRudwTSjDzGjCibwojobgjip6ATVE",56000
"161JaaRz9tyT2h4RonBEbYrFhdNBhna1Nk",30000
"1Ej2jR2xVo3dM7jbdsDJxL4BFDgWBiHLUF",38000
"154JsrNbos6CGYco5PKJr2CcKbJ65ixPZp",20000
"12bdjZ9ySZsL6uYoqTN4wWgVTGdiAPhqEZ",16000
"1Hot4be3ZZnkUjsr6E4fYW8a1SMmVkBd9m",20000
"1CMsGzZUDmzkxz1RbmPtctjZZubwPHBiai",13000
"1AbzWcq5ifjh1L9epnQxf3CQfTNNm3Xf3X",12000
"15vDMYcWdyzhvF4Mk5cwhZ1TGqDyq6G76Q",75000
"1Q7CxLmsii61FpzJZk6Mdy6u1Ce8JQYXGi",17000
"1Pp1xTRywNknfDUEubmAQY8k2mz2qMgffv",10000
"1PKi9Rao6Dqs7a763nGPdo4123L9QYKudw",10000
"1NcMnYboXYaP78Y3FNUAzaXwAcwT6nDuwP",10000
"1MYYQR8jh8YGmrebc4rceKBxHSRPddqAmU",111000
"1MUJvdou7Nmm8nVX1GTVoxYkGqikpX4cYu",25000
"1LptcrthBNAy67pJgMgD5F68FK37dQwXRL",10000
"1L4gqxcam7BEE77fBydZssQW7Xojbtb8wR",10000
"1Kr3HoHh3tVVnARADhTbaAxmirLKVSiHNN",10000
"1JMfRWbWKA8dehBnxH3JLbF3UQB9mGjoLS",10000
"1JFM1YdUumobxco1yJjRdrQD9stkMVYxq2",11000
"1J3FZm6qw93rAmas7JuQWLuoWfSFc7SLbS",11000
"1HS2qCc2DtUz9V9H2nt1CCA1U6MwJoGkdH",10000
"1Hh6DnpcgM7CRuf44438s7d8xqr2sTKZUY",10000
"1H3eV5NiEi1i95CsfdYrJ5CJ7SEuScxTrY",14000
"1GD9vFuGUAxE8ifYNzvEeaNReTdX76gCpZ",11000
"1FiGTpzg63tNgL3QZusRZNG8f8Eekhs9Yn",10000
"1Fg686N9XLGJLpLEfMFL6wXnzwvx99vvJA",43000
"1EXoVPYZPjntkDdH6e9ySLLjcoWEd39St3",17000
"1ET1WCksc9HhBtEvguCr5PgJmmvBSZ7Ctz",11000
"1EpNcpNDeXPAX7aj2jVUEHZn9XgCVeFB2p",202000
"1DZtb85D7oPp7FFn8RihHzRkLZZb24UW1Z",25000
"1DRtDyF5hXqUw2jVYUqpDNd9HsK1GUcgr",11000
"1DmZLuCvNaDKcAZP77N8kddphULE4rBN2C",26000
"1DH2Z4HP5KfVTr3Gu5fbHDr3xhSorxBRTF",10000
"1D7vgbb5Qf2HSvYWw4DqizgmA3xifM2DYz",38000
"1CYAuoeGyY2bR4cJDg1bxiQQfdtcVZgN2W",40000
"1C2PJxFpVV8LFV3rsh9ohTYZCRScMnnuWs",16000
"1BokkiTfyexmRBf2DEHrS6PM28QrUQPb2C",13000
"1BjMmNfc5N9C19FehaASFzLQMgvQnuzDxu",10000
"19pPDma3EzNBRF6AQH3vJNt7Gu9EnD4b8P",50000
"19GmEDFGjEdnKbuZrpJwq8LQGWUUw8Abg6",10000
"19ggG6goBdVLaHPUVG4neinxsVxtp5ZKgn",10000
"18JdwxaPnEgVDBqPom88HwcjpwK41ozRge",12000
"18HAbSZvu5bBeSqTZP2JRM7ny8F7KvSguS",10000
"18FcRM4x5PbfmpAYqaA4xJSKLcdcyg8vFJ",15000
"17CQ91CxkS6m3qGBsrHWxmofcf5ucwQE6Z",12000
"172iGd6WidsmtFxzcXpys9GHtzFG8pHJCD",12000
"171MmHNFoSvcCYx9NvYg6D3auryXQ7ntXH",30000
"16x5Yet9JKUcx4LiZX6duX3Cjze66i9UPh",13000
"16itv7pSgyWUq97vUqgqRmjzAytYzKRYe1",10000
"16E7YyY5sTCz2vrGDV6CzBYKWDoboe3i9a",13000
"166xt25frJZyDYwdKsfsPnYBJ1BLMN9aRa",12000
"15YP6u3LMgaU1kUoAPYULxzM6evCVtdCHf",15000
"15senJYLK1fPnfBYpVemdjA7mWaff6kqgU",16000
"15Q4ojydtq3hxpVpiN3WFfTe95fg9yAWKS",16000
"14GdZFUfLpCRPB2GAhUcia47vQtSr5o4pa",34000
"13rMTUMZtSXnDd3VN7sZCwoCGEqPtUreBu",12000
"13DaoXx2eD6MBqeiY2YMiQxzJLyvwEfTT3",16000
"12WBGFdHmZz49rvofSYxP99P39KwRrrZdW",31000
"1AgH1M2HNbn4vyv3p2BQDrjZ5MM5U4KMtt",176770230
"1fMtSbwFHZRpXBjxcYm8TCCDBWTFqavXb",705600
"1DNbp167fEghGodk52ue4dKocTxGDMcZ2j",818197
"1LMDJnd3umi9y4g5sfoTVm4J2uobYz9dAb",200000
"1DzFb9feSY6aavPmt8p2jmKuc9uUe8xTCj",81255
"1Ke3pU62q36BFHBQhESKi3QNLhx1xV9eQk",27821586
"14aZtw7AVWFXe9fiBW9dMmtPfw2U1KivUL",1000000
"1JFXWiM8T4gBy8hBZuNWMuLUW1mcFQJxyQ",994479
"1P7VYcnSCFZLPuYWJyhEZTY9BB7qxYVyZW",1000000
"1HT3M2U49uCR8W2PuFFJEYHX11qBuXj8oa",1000000
"1C7FTDoYaPK7McmSs8FpdAQ7MDGQ4Y1bZY",1000000
"1JveshXGzjY6vYv6jMHkD9EmkWmZ7EJ6Ki",1249932
"1Ag2ZZeNumMDREFjkb3c51o8k3R9eAXXJW",100000000
"1Ag2zSG6Z1RsDpiCwkkoLYdGYAThxrGgyN",100000000
"1Ag2ZFV8RoDXvzqJGzcr88Cwf6nt1XPpno",100000000
"1Ag2yeG5VSJnu8mz8CqzfCgrrDLz9L7dM6",100000000
"1Ag2wFYeUNPGF4HGAZFiX54VUNxDKkqfmm",100000000
"1Ag2uVe63E3t7gXaHexQAwQ8v6pVL6bDgC",100000000
"1Ag2RQGvzgHgUc61eCVjfbyJ6MiyrkiJWA",100000000
"1Ag2n9rL4ZhdL5gPCcEayJZAxPiuZDgemi",100000000
"1Ag2LkiPibgqYYdgVE761Kk9Q9Q8TwQoHx",100000000
"1Ag2knEz5qSmV5Hzh8xCh7doECAT9Tovzg",100000000
"1Ag2jfB79jowiBDjR2DutQGU7yE6gf6fis",100000000
"1Ag2GxzzFB4Yqtz5JDpJP2NxsRWvPEdG9T",100000000
"1Ag2FMTjjMAfhxXgyqmsrTXRP4CrLTYhK8",100000000
"1Ag2CKbmQMWvX4uUYH7dqsziu1wWGeXPhx",100000000
"1Ag2ALv36Hugay6TZdxfpWBgagSnT1jmp6",100000000
"1Ag294wDZ6Hhds91Et7A6fr6oEg9TUoCAD",100000000
"1Ag25XDaJbyZXedFw4avYi3wnTNdeLu37A",100000000
"1Ag23k75ge5JsrZzmH3S4xoounj6KCdj5H",100000000
"1Ag221FaVFTZNhyLbbS4hQLqUowDJisrjp",100000000
"1Ag21VB4tF7HphhdEuehhnn3SVn4ZF5Bku",100000000
"1AE4gGkHLiA29ZsHjP6LefpM7fvMYsUTsa",12160
"17397TiK1JMPCeNbMSsoHELJZMmUMkaP3v",16640
"1NMEMq7ojCyTpfbSy5vDdAPBPBmJQT9DoB",14560
"1AbY99fwwKHSTvFPFTR96sh7FPzzYhP5w3",12720
"1133o9WSjL5H7fvBcYUAwCsEWVmZVPyRRH",22480
"18JdwxaPnEgVDBqPom88HwcjpwK41ozRge",10560
"14zShLMWcYfRF9FdZxaWHCS1nqPGE38U5S",24960
"138Ne4843cCRCXXs5bZJzE2cjdLW8fbn4p",11520
"1EC8fakLddrTorsZFStKpChUCSQW2sB1hL",10720
"18EkCGquE9hbHRi8zpdNVyaRgFoGGFZC1g",15520
"1MUaWbi2oyHxpS6d1eSgsrEwsGoFuhVWdq",22800
"1A4mBPjNmkXFQ3gCERuCNAuKLyWKNhgs8N",11120
"1PsmfayZLpf4vp38JW7eMCWALqxD3xuZdN",12160
"16Af5MWPQWxRhAdotEQTZprNxruuJAQXsK",17120
"1DhSC1e1FtGNcFPWAYk2QhLDKQv52NsrQN",20160
"1HLQWP688Mh8LB9ANzLn7iCVz4h5xN3P5T",13120
"1FUuvo16B3A3XEesqKANBfaN2ir4bRzGcK",1088586
"194dHFAz5GRyn4BJpg98FKmfdDa6R8VmDJ",2058244
"1BZHxu83aor7ho2R6rBNWM59HrhajHcpkB",140000
"18PfFRz2Asxw85SeB1os4YdEmGpbXA4Ze6",7614
"13kVDNoNWh19jTqQ4Ga3KerhpXVdV2Y9XC",8
"18cwQ6G6SEn18vBqAppNWx4BhVWnnNezSK",14
"1LqAiuTSK2KjXtibL8iZA4DEQhGL4MjjX3",11
"1FTx3Jj17w6SPtj1Rub6t5xRqGqkcCvNNj",5
"1A7LBhDFZPd1RMVz4osoTccxsPGgFTqLQp",4
"12ywCktz2St6bmpYEVXFTj9yRANqUPG6Yz",1209
"1Awy4Y9sUiTbGNrvrJKLtQ5hW2WBMfahCf",9
"1B17Zh95h5eZ9VTNag9e89qabbshUiByLr",1204
"1FdcBichMwFx6C3zjWqgC96j6FTeFocj9L",903
"19yjxjcfc2DGRtGEzwVkmPkDiBZ4EGC6Wv",8
"1LFVuyHB6p6uixugB7PUxUvr78sxC62nA8",404
"1LZuhVRCoJetB88x814QWqUcSogPcoT6y2",417
"1GvPYNfMNGwaoN1b1SZy6JK4Zm72ZkK6HN",313
"1Q1ub4f2J2ST2obvyA9cgnfgCf8E1vGxDE",14
"195RK2kUTiNGspe9k9KdVoK4ES3gNuos4G",1200
"1M9fdXKirajPHcPXTAJk7qnSy4hNJhGetY",4
"12AAmF7HZSPVhYdrq7tUFNLUNYRTof2RMm",6
"13kVDNoNWh19jTqQ4Ga3KerhpXVdV2Y9XC",8
"18cwQ6G6SEn18vBqAppNWx4BhVWnnNezSK",14
"1LqAiuTSK2KjXtibL8iZA4DEQhGL4MjjX3",11
"1FTx3Jj17w6SPtj1Rub6t5xRqGqkcCvNNj",5
"12ywCktz2St6bmpYEVXFTj9yRANqUPG6Yz",1209
"1Awy4Y9sUiTbGNrvrJKLtQ5hW2WBMfahCf",9
"1FdcBichMwFx6C3zjWqgC96j6FTeFocj9L",903
"19yjxjcfc2DGRtGEzwVkmPkDiBZ4EGC6Wv",8
"1LFVuyHB6p6uixugB7PUxUvr78sxC62nA8",404
"1LZuhVRCoJetB88x814QWqUcSogPcoT6y2",417
"1GvPYNfMNGwaoN1b1SZy6JK4Zm72ZkK6HN",313
"1Q1ub4f2J2ST2obvyA9cgnfgCf8E1vGxDE",14
"195RK2kUTiNGspe9k9KdVoK4ES3gNuos4G",1200
"1M9fdXKirajPHcPXTAJk7qnSy4hNJhGetY",4
"12AAmF7HZSPVhYdrq7tUFNLUNYRTof2RMm",6
"1Aig4SMkeyX1LnWXiJXaLCUN5Fdyodbg2J",50000000
"1NhB13ttZWJ14ytw75P6WmJfmEV1Y6UT7Q",100000000
"1Lbgg1oEf2B9avE2gQc9iHFqSuaPR6E482",10000000
"1FjMojZYqFmFuQ6QDpHWshfx9tFwoz8idt",1000000
"1CmZzfdQ49FXaNGNACANkF8WxEZsuyvoTT",10000
"1BNTFnGyAeDa18ciaHzgmCk3M6rxnV7TSz",1000000
"1BEBn6K1VWXQB3zpaCrBestvDydYdRNqxg",40237
"16VJrCZXuBPDqHpYhmvYDaxB3XHxAM34k9",970000
"12TiVqrdRQ51icUfrX3ixa3q4FLJs3xeiK",100000
"1JiwkBnqeiB3fC2xqHqjFt96vUs6Gvjyop",300000
"1Awb2BSyxZBb3MB8HvwgYpXYJnUPPgm7z8",80000
"1DKTfUoBxY57Y7bLKZpDGhceixAtkru2Kb",100000
"19snKVQVL3AyzimVcb8yLSTd1U2oR4Sc4y",4999000000
"1GpqG42BiTXi89Tv2VBLJg8DbFkv6P5cxa",5680
"19FKMHFNuxCFo34zK3oFDZynQqC4anLWaR",42000000
"1NfrThgN9Gv3gadMwBwo4EydHC8zPfMCp6",10000
"1LFyxKjXoMneeN4XbjuVMzpSVEoe6CNusc",1200000
"1BrUbKHvNmTGFRzqyeQAVhjosQao5WvZ1S",10000000
"1Gvn3WXKhtyUiNjkk3WR9xwi5Vcg9bUcWj",9748
"195AUHF5tuANm8PizDXs5bpU6pJmrp1Jub",90000
"13qRYsZHPbbnCyyrDxLCRvPh8TmK5Ec2Mn",80000
"1RTRQ81qYJHkuRs5wyyMtcJqNwBDw1jk9",2010000000
"12VVeqCB5CbK2ckXectGaND76rr6cbqDb9",10606
"1NwNbTw277KkhLmtdC8wTzsinqVhxWVusP",32610346
"1AJ94NguAwk1He2HfwCty8KUTXWNyd3afk",1075957
"1NQgcX29PoZa4X6AYiG3gshUCqdMphb2nr",1010654
"1E13WANQtw3cW6Qa8jQ5uXYwjiKiDqjP83",1015650
"1NRJKboerTdmE6dy9en8XFH3CN8YX3fdF4",315000000
"14v7PYCwp8GQJrHpDVwCn9PwxszqvioqyG",1680509
"1KxEAQNR7txji5DD9MbcZ4uztzy1p5hsvq",1466181
"15ow6pHaYwJornyKWNjsuTvB3pdPz3i1zm",1015880
"16tycw67MnNF2kSn5PXi64CT5R3W1a8pRW",26085590
"1cASxkzeBpJURSrM5h5WEfJJvMxJ8czbf",3120409
"1GF6K2JTmiiuTKzA5nwDfMGxvnHfKEZ2aY",1116943
"15bXizPwQUhhm9116PYY4tYkp9Q2zbpngH",7962690
"1FgHibqCnYVR14UshEDHi7mjHcvtEWM3DR",2372045
"14cKC9uUrGHQ9sgGvAM8rkGEfe5w5fMaYf",5275690
"1LRKrjJCTSAL6K1EeiPzpcFZu3LLCmQxk3",1475391
"1Ddi8kh4qVZfDbBLKuto2QZJwQUNHeHyBM",1493481
"1KLCELt9zFqzCRqJnMg2L4epQgnPixShgD",1303395
"1NZm6GnrUEQGEXMDfWrv5H2hcHZEad4QSC",1407352
"1FWpdSwYDE2Bnk4yye714rwmULKyeGAM8o",3367393
"1grddKCxu9gK1U5z3tdw8SNaCP7X3NiBG",950000
"1f7xyrNoSrYt63PPLtFsgyJeCi4pC9vpU",950000
"1GqNcrbUTUBkdQ17uiZBGsRrkr7ygm1dMm",474
"15PfgWtZdvVRGWBunnNXBEC7FKhfZWfQUr",1000000
"1ErynxW8UHR3T5TFxeXKSqnNDQsaWaYpNX",8050000
"1D5bcwsAvw8nNb66Pu2nw9BZyfg6kkUtUx",17977108
"1441v3Y1NYx4rCi6kRwfyYW4XAhsGfpTKG",22673958
"1AYwVjQmTi147gsYVYYGHSXCjkfHyTEFR1",26095312
"1Kcg7cHptLMu6CoFh8mNVYbnhAcB32Tse3",37865820
"18RHQfmrTcC5MXuFUMxC29W3VWRQtCuvV5",49234676
"123brUqvirGV6WGHm3ohBYEGdBrofM92yv",14720
"1HwYvgPHTUuhoxRsEKyzb8KsvZDRjdhmjC",13440
"14JUJF1Gutb46tzCqQ2rTLhWtUkkkVjGqa",10740
"166hpQdeuaP67uAyGJQaVx3bsL3Myz8bxw",13440
"18HbPQhC5jpLnWjmedNpK6vHWsr2bMgRpN",12480
"19sw587pS1mqXqCeiWJEq3dg2FkevosEbp",14560
"1KNuzQEfNPiVX4udorBvf14m4F73fjeC14",11360
"1Mv9qdcU4H2touZDRbwvcKeEitV3kdSbSW",10321
"1CiAk8nZBHvyY7MEu5DdQcE4pAiS6V1RTr",20160
"15Q4ojydtq3hxpVpiN3WFfTe95fg9yAWKS",26200
"14Wwd7ZvbxTQ7ifdsKFrb4ybAyn95nWCW5",12160
"11e2KcRMb41e3UZjdBDm16ZVDcfkT4cBm",13120
"1Pr4RkTShmeZExRzYm1KDUGzVCJBb9yMH3",20160
"1LUexfvEJAu2x6UEPtkKcQmDpKUL7FYuCQ",1056833
"1KiEMCTiHeRXw2Eu3JgicS1ScryXjSNh1v",1300119
"1Cv3kSaMFMcYW2f92gcRfnAdixRmMtSamk",10092420
"1LhjKEFR4RxCLEiWo8Q8vhfyyBdsnubLvp",1017721
"1QBHtwp2UP49D5MyHhX3tMRXJn1qw2XACq",1013816
"1Jxa8QuBW3WQN11ir5zF7qZStgobiRDJPK",20954512
"1C3qsPDwbjZNCpjJSbUFD4UdqPMY6Hqdyu",1056031
"1SjTtEFXVkihKYNFmCiDv1Yiqb9WQC4YD",5024711
"1AZAfwxST5b6KhQAveV2R8L8RiYzQv1SEE",10007519
"1HgFUTRGftDSB11tYdv62FnFp6HNB1ZB2N",34150
"1Q5iWXpmfWoVXagk6a6zpGtY8cNYJy94sF",39887
"18gJhCXGWUD8MpiCvG5rbr5qava857Lgpr",486840
"12P1pn2r3AeSpzac2cjPiDBCuvgus4gnjf",562790
"1D5qBArsq29qASazA9wNqr235s8s4A8hQx",589290
"1H9CnreMwazFJVi15FmzPvvf3tbyFiLcAk",590110
"17ha1BYhDmear4WqThae681HzzHPT17SSn",592022
"1PDgjxWin9dtSoguMouPNsy7dLzLYmRcHb",843911
"19LSHErBbSp8E8hA22FsNvq4MvVyTSmwGw",1525679
"12TeDqkdNWXYafpghVAdK4DTnec5KGtXRv",1665010
"1AQarXLXfWjSPkohcJatU34UoVav2JGRvP",2145103
"1Q1ZPNnJduan8J1J8bn2a5GQahAA3ed7an",44650
"12rBB3gjRvDX2HT6wPseGgYR8D93G8pYZW",40000
"1MABaBfodLJ1uuRNkBYNTJ7yMZ3U6rZ8TZ",87658
"19snKVQVL3AyzimVcb8yLSTd1U2oR4Sc4y",1000000
"1HfAW9SLzQxVfAxVZz5GXZVPLXDycRbvsG",10000000
"1KKhHFjERpq7fPYRDp66FdD6Bk1fRfXkMi",100000000
"1B7VxVzib2Qcv2UpDZoVQC3txFHixsTd3z",10000000
"1Ktc53HjkHTv1j7nSyzcxKihHQP9iUKBKB",42986
"1NEALgQ8Mst37GWzSaYngAZAyC9zNRnPeB",30000
"16cGLSf54nd871pXAg25FSfNjea2ipNQEv",134513
"12LXfY4adnPK57k2EqM3oHkfpSZGZprvYa",441
"1MGtvtMnLsLk66fTtd3d5Mfvofhtd1Enc5",442
"1HCRSsT3SaH7PbbkywVJKjxxxx1qkDmZkE",442
"1CEnG2zE56JEW1DxhkSm17eUeuYXCr8bfG",1325
"12Y8AyZmyx7sttk7HyWW3fatJJ7XHCgwGy",1988
"16aGdUQ6aDKd4JM4iqupa4RL2KDkkwrqVt",4417
"12SXzNHbYzyW8LrTBajmCuq18cY5BBdUoo",5300
"1Bv4L2txrMBqe3yYgoU14QMtVffewSbM6P",9718
"1QDWSammN2W5LuyNE5nRNxSv8LrvsztB3r",19214
"123HaoHvWBiPtcbPY3GQPzyQwrhkM3Zuez",36883
"192iFY5GA6aZWX5nm2THsqnwSrGgzQF9wS",41080
"161hjBUhBFZstc3CMH2jxbekaTASs7xYC9",50135
"15LxbtHCqkE3zvLQkNAMJckwSneqYGj8E5",52344
"1H5oX8kK6HBwFNqG6Pgf7yTVcF1pofTAzS",84147
"1XQ9zDXMYarBACGLFApyBcx8Stx62uNdA",116393
"1EiDvshy35rh4nk6mG2woTB9XN2EknXFNe",130749
"1Kw7ifsGPP11jPZwhcCPai8KbnwZTnYGNn",161449
"1DSZ3wRpNpw8Zsib9cUeiwf62dKrXo7tXw",365274
"1GvwrwST87XKxm8S9xHoCWx58Z1ZNhJe3E",390867
"1NsXTVrC85Tf2AWj6f5JbyvhpoqsLcUF7d",848102
"1KuMYXCVKYFma5Mw6Ug3hHMVZqffHrirta",1257161
"1HDgXN2g8EZoiwxzP2j3CMh2sVe6Dj7ZSM",1792027
"13EKtvKz4MbjErvEyoSWBLDFpTW2AJZFXe",293738
"1King16MnUwPtmVPPPm3dRbB52BDKH2zFs",263450
"1KBXafqBwtxYbGNpJa1zipcmzR5EYu1rQD",100000
"1KBXafqBwtxYbGNpJa1zipcmzR5EYu1rQD",595800
"1HDsmjwzGvGS2hxAodxTFRiR1r54sCBDNt",10000000
"1BYsmmrrfTQ1qm7KcrSLxnX7SaKQREPYFP",2325199
"12GjDEnQZ5DWS9CvHMzyrNJXMT2A4Sect3",90000
"1Hd5Kojs8M6MEQmsuDLeAmThdPXSybRZvX",2000000
"1GgKgNCTe87LET5c5sf6bG3B4iWw6eaXZ4",1000000
"1J7aV5EJkB88DBCj8aFYpdHnr4pBfswLwm",61228612
"1F4NchEUUDJnUECzfJZJMrxF5ev3rL9nW1",50000
"138Ne4843cCRCXXs5bZJzE2cjdLW8fbn4p",20960
"1NMEMq7ojCyTpfbSy5vDdAPBPBmJQT9DoB",15880
"17T6Z166BisMHEQgMyEWmFwZRi7XWjzyp9",10170
"1KcXVcH7yPT5oJqFrK8mAf9cNfdVLSTnte",13120
"16fY3tgv6tHD5hUFzDnkMd4ZBQALmjBRCu",12960
"1FoJoacMfhUCPQjQkVL7WFVXvwZTBUpCDX",13120
"18gxjCFTSa298MV8Yu2jP4cZ1nvnhXptCh",16160
"1FiVC5ydoK4rGkkeiexm2hpY8ZWKbjgQrK",15280
"1BhCA3bkLVa9fnSigD7H9FtwgnkqNSXEiM",12720
"1EFw6nvaczjX1TNARUZKtEeeK6VmbXuBMH",16960
"1Fh9SJztYpmhH69z5eKc8BHGicSLW6v3hu",20640
"1LTtmF1Jx5RVJvLMv4s4s9nQh5CMkvWXXh",23040
"1LDfQUkRtX9ZNY6nUuQyPPNcyXXAMq29zt",20880
"12HeAVbpmrq8bzXwUTkxu3BqRnQJzxF9fK",17040
"1QHttMmzRcrKpXiwaDq9sHh58rDoJUVbp8",13120
"16cGLSf54nd871pXAg25FSfNjea2ipNQEv",664267
"1JCtW6Pd1SDqvPsjdaCiK94ewGTTKNyEMs",2360000
"1KuK5WiyDACxpAHmJX3h1kBQ2Tj76vsQca",1000000
"17usqd1aqYRSCyANKjegnnsQWEeJFfADzK",10001
"1DxTMR6xSVYvysPE1qpUqLrwZSnPoVRUSz",24692799
"1Nh82JbSaA9Rj1sedXksWumPEMCYQnaYNf",4007644
"1ByhGDsmUScpHAcWzfeAo1vsg3dvWBqcoL",78641
"1PRgyYZLVoatU1mQkyiBoMLBF9NGugTsEH",50000
"1E7sohgfUEARCTB2TZ9WqTJd6SKS3efu63",312864
"12Sz1yjHkbM4QXFbd32staHs3czgYTF64e",823
"1yMv3UBu17jSo8XC3WqhWce9TioYrPoS2",2212600
"13GwPQBMCbHtLsz3ZRzAUYWEZUBmqx7mdf",1000000
"1K49SQnLhdd3LbaBVodn8KR9P2nKGhN91u",369
"1HLQWP688Mh8LB9ANzLn7iCVz4h5xN3P5T",6801390
"1GuLk3iQLAgUo5xZDGs41FSWwE4JHNcTMu",50000
"1QHjo3Xf22F9SHPYvcVUW68uif5ygYowmv",200000
"1GsWxVh8SjGYGFRcUJ2LvNwhhirsh3qeKA",514611233
"19TS3UgEgyzCM11dqMSt2EUnqpG3HVdNqM",150000
"136cnxVePapt47NtCD4EaMdxwnWMDfHbzv",550000
"1BkGvuwhsSZUAnJfqBefqhtp4BxJGqEb5Y",15000
"168WiQp3Ro39X7UvDJF8FaVfLxk864EVtQ",10000
"1JqdadgxgxrnbEnfvohxtaSNbHt52kVLtC",7074068
"1FcE7qjp4EUbi48NRri2S8YodP9ukMz4hy",353797
"13a8sUUSuwroG5tKnC329WarzvDN7VU7o7",12000
"1Db5TZSuzJZ5KZBn3aGVQc1uVsxEuH3f6N",1000000
"1GgKgNCTe87LET5c5sf6bG3B4iWw6eaXZ4",1000000
"18xcnCErG4wPetrfAvdngcp8EA94HbYCo5",7465000000
"17X8ZksHU2mGJyrN31Z1c2Ryj3VHYYGzqx",27929316
"15H3toKeuZUwz6p3Rn8uAwpVg1Dd7kgSM4",10000000
"1LMJkaEnJ1er6KbR3caUNsdM9wjksbpK4A",45000
"1PUdH5RYzydkqcFgFEQQwKGMy49jpVsVJ4",299900000
"17hg7qjaoqgLWf6gDPqCxKnBBZc5PEZru9",2775975
"19Dgc4NWWGR52DBvyVSnpHusrjhaej29g2",705600
"1KA77khqMHjdkxeqNDEBfrb5zH8f1UJ2hP",1010000
"1KA77khqMHjdkxeqNDEBfrb5zH8f1UJ2hP",1000000
"154nxEhWXtsiYp2BhkaesvHvNr1aTDBdRL",21920
"16S2sWPWLHkahHCpamhVUxGusQzou69fEr",10560
"176VRB6nUvpXtHpZkyVT9fe4qAZ9D9tZkf",14610
"1C21FniNparw2UoDaRkZW8jfnDikGWMivA",11280
"1A4mBPjNmkXFQ3gCERuCNAuKLyWKNhgs8N",16160
"134UN2rY5bzf5ovAkaNG1FUzpVoqfpFPJa",13120
"13RkY2nR7qF45nHhyx6RLkr2VTrLETZ4Wb",19200
"1A52wNcLsPF6Ztkf5PAqZz7LoWa73aVvfv",12240
"17E6yiRFeh7PcyzvVUZokNiYHomyXcGFRJ",19200
"14VMmMsdqEauETtmso5JFE73c99pcJaUWz",20560
"1EC8fakLddrTorsZFStKpChUCSQW2sB1hL",17920
"19ztUZDCdZoi97tpwehayTQDKdyykS8jrs",11350
"1JXYiJJtbHt2pKjL2ZMZpRM9eb4ETAw8Zr",10310
"1FbKhXVZvMjWbcF6U2HiK1CqtCUZhw6mT5",1235312
"16bYDHRHkmnFcEKK6auLeNR7TZTLGP5ksA",62348
"1N7M5uyiZD6V55vVszs1wtoEUiGoXbR8he",225312
"16t2jCKWWyJjzvPN76wxXxTWRPPHdaD6GD",1000000
"1Aj2d1EBJut6RjnvbDHzS9tauNg18miAJb",689000
"18ufmoweS1SQ8A3u7ySUU99u4t4TmdXf81",100000000
"1LTtmF1Jx5RVJvLMv4s4s9nQh5CMkvWXXh",100
"1jrupSiiJhnzn7HkKf9wNdXnzbsh3F9yT",100
"1CFzEfnfcT5Agdvx9PGCBnMYR4wrieYu1s",100
"12RuXFDQt5iLUT9nk2XrcpDSC2eR27t28Y",100
"18r4UDK7upZ4TACsc6F21Pt628RNCf91Vh",100
"1NNdziD5xx8YSJ8o8aRizwYv4AyKKD3Moq",100
"1N3znzNbeUJwSnCpZ45bNfWhToqGnn5HP9",100
"1CyY5uobh6LJiogsnXp3TauqUsdyzGU2j4",100
"18eTUDZRZHn7tB1KzNzMGH8acNr3HUc61q",100
"1GcasFYQTL2SXzz6xeFsLkRd53CFbGCnpM",100
"1Ldcksd9WTApkPtfv3sR12oFKAFfTqosgK",100
"1P32a1Bu4fAcroaR721MU4dKtmSAtN1YPj",100
"1P3PywztNbz9pX8Qp4Wb9mP4thACH9qLkM",100
"17TVF4K2wadcmjr1RiumD22UNQRGx3YwJu",100
"18kM8Mff9M8H3hnjHeA4W95kFhHetD9TyN",100
"14MsW8WtJJqpjDCb7Fj3H3W5vB6JkTtuoj",100
"1D54jYtnRGTDQpuDDXzPaLc26oAVszngTL",100
"1J1X34jw3bvmHfYv7uDPn1ydAdfXxhCguS",100
"1iVGhf6XDw2JRTHnBi9JTzNb5k66gUkrp",100
"1CiWMSLG2diXYT2ndVpC7AwE7vZpCLVJdw",100
"1Q5zg9RCZhvZ5DC6tcVgLrhPG8QpCDRhWJ",100
"1DLG2n7r8HKeUDv3z5iz52v8ZDv6PNNtUs",100
"1ABPyzrkJZyDK7ssu1G2ibEgT92aduLVcu",100
"1Bi9NgZWdsjotX7DwBffF6oxnyWYqSJzc7",100
"1AdTQGZM2CyjJfvdrR2bwjBUwkB7nctXoE",100
"1JsNYZDHrTUJmA25neust1cfSSGPMsp2Ry",100
"1574A35P5BRTCiwfbH4Adf6kxbfg6Qq66R",100
"1FatmC7ueycno14efPPY68ZRcKxwrxHtSe",100
"14hqtsj8Qva2piHBzcG7hhA39w3tVK7HXw",100
"1GqXJxr2kL6mYNHiMpJASshgLx28xEckYK",100
"1Mqh6rbfNL1aMYZ7nbra1uVcAtGmA2Aisi",100
"1JvRzGngKoiLDoeJEAk8BiivURm4DgyZaJ",100
"1CsZp6ssGmHPubgaRvV1NZGQ4JRkNUsoMN",100
"1HThS4HnhZrzAGwWezvVNwNSJX6ZpfWgKS",100
"12NTpSqzBEmyg9cAThEtFiGPx7vWxDTDiE",100
"1BbTqWkGGPbwc6FiGrsBCsWtodz8orbvgg",100
"1LEL4j32qmvMZ2LEhxmrfbkhSg8MmeM8Bd",100
"13RadLwHKmtTg2KE5SGmeM5Fq8S3eVMRwS",100
"1BDU7soaCkwbK6eC3hPnmcwAHtUU98d4n8",100
"1EsxxctHHvj6mVEMwCh6SYsKg6U2ja6f3R",100
"1Jmf59nWJcdcXYCWQE1AhQgPpAfYLHyX8d",100
"1CGXMzjgmzkPJrvMCJnRPuuj9gdiCRZay",100
"18Q6GBicPQuZK6Uz2z5MbX7fjZvcpo2F54",100
"1Nxifb8nH7iKqo4eds7UBzpTYSPTVQ5qaW",1152531
"14sjmVvmeritNowFxbEt93MCRPJXpwb4tx",19349796
"1LGAZJx3dotjoxSepdaxxo2FBHAxD1ykP1",2381319
"145fpEV9Yc8zeCmJjtgxxj2ycS5JU6BzZp",84413324
"17wmaqJpimMr17kwUtWwGutHsb4oeqeBLe",1001731
"1BmhLrjJaDWFQ5k4ohi5kYozBgD7racd5h",1012779
"19r3hfPCrJBoqxB6vK4SHFSkxdeeVm1dGo",1183976
"13PiH45acaGphscDukRuGh1wdGFg2FHZus",10096663
"14Bh1gusfKLZfMTkqVbE8ADgBw5MFa6J7g",10044253
"1BaTu452mNLRbZ8CTyszsY2B9PA9sQedcp",501560861
"1FdCBkRQKt9N8KV5L24Wdgjx7KSm1xmnTh",1000000
"1K741Sr5fVDM6qnRNwC1hXWpPsUhKwaAiy",2015401
"1U9bZuYuDkLUGdJxcNSbifUEfpH26pjXK",306712
"15AUTouj8GqQwo7qati6RZ4qwNZ7Y3qpFV",38838
"1JvetG2mQbf22rHrAB3qnW5nV8NhqbbQht",1000115
"1PPVueWrGepx1YLDQAwc9ae16Zt6cR5kHn",346532
"1QBJ4ZSrVUTU6eLhJ1paMP69Xzuf88mpeE",1000000
"1FT22xv8iKMR5rVgVGRhu71tBjY33Q4dgd",145247100
"1P7VYcnSCFZLPuYWJyhEZTY9BB7qxYVyZW",1000000
"1CoY9w2FKmficaJFSmJrY9Rso9hq4B9GXY",1000000
"13WKwNnS4RQpPZkpqMQc9Mj43VivUcxAex",388954
"1Dd7dCcr1oAUC5UrM7hTbVMuV6gh4EQeQi",29
"1HSXAmkPo82N7fXqCHb1Z2XA5oGMTPVCUS",13120
"14jLUSsSqkpRhKJykmA2mWHuxpvkW3kzTT",16960
"16E7YyY5sTCz2vrGDV6CzBYKWDoboe3i9a",10240
"17Q3hmVpopHjqfMJojVAgyEr4k8CVDetAA",10390
"1LEyvJV9EvUZay4owY1YBbTSyggrX8KbEm",18720
"1LFHat2C7RwmixYbPXpXFc4NoreSzKL8Sc",14560
"1H2nMPonFcgU92NjDRBMsvZ8ZQrgSeCpMm",21120
"1PM3YGCFrw2sRUqyTYNG4WeMRMX9tAcK8z",12160
"1AGpvqPrRZV3ri4nmXcQhrxPo8tJT4hEDq",22160
"17r1ZgmZMBxRXN9niEdack2yXdEPDkjXp6",12480
"1J1o33kprGzDxMT7jf4UiLjy3kn1nBXoN4",12720
"1KqW68szDEyfmR19JKtRmXvVKCSiSN7PVU",11280
"1P4RKSxsUy1TnnkMy2CEWauaiq6sQvoiJ4",25040
"1KCG3oc9U8k4VWuWowa1fkBNq5rigRgk1b",28960
"1CJqu9kyfqzJCLahjhCQmSKZbKqgKJXrC3",12160
"1NhyqB2zwL1fEtYFttDJavhFPbT8fpAERu",14380
"1396jRsY9HafKjBFhbBe6GtqBLAqxBETL2",10020
"173o53ZtfbwcRzd3HsckQUdWqX8qu8Kcuc",80000
"1J4CUpwbQqr4N2rCvAVLSUpg2t1MJQ7FRS",60000
"1GYQae5KMBXqxzroikKbYMTgBC7fJ6Kr5U",65000
"16HK9YmNECEZK8vbk7PLRJHYaKsb6MsZjC",1000000
"19XuPH2Nx4RvzSKRJ9eBJCYtLwRDzHZNVx",40424710
"14PvbeGLbzS5sGGf3JkcGzYC53ffRyECbb",1000000
"116BC74CiZPzhcmrhAq3QnMPw4H2znEp72",1000079
"16HK9YmNECEZK8vbk7PLRJHYaKsb6MsZjC",1000000
"1MpUCCQMDpJx5dzkKk36tvqNfFFerDGENh",290000
"1FeMMBmmnpZvpqrpKdxiYQkubqjwH6Wewm",6285
"19g6kmkmFS7h6KccmiTjiskxFMkJE23aHR",1290915
"1KnSiokmhRzPbb1ez3PjCqydq7PNRWpnAe",15165337
"129YPuQAKdtSzsdvrMjeKTdcRKWNiPymFz",1360780
"1KiEMCTiHeRXw2Eu3JgicS1ScryXjSNh1v",1250115
"1BVh6oxajKLUbaEmVimygZXE8n4n6Sec5",1001256
"1LfBBMotfN9DtEsDR2sgzgKgBCp2YRat6z",2029901
"1HzcG4LFAfYKNWatN6CNSdPAiu1dr4gdWA",1013257
"16RKZMQ114i9htrbixeKEFfj4BMQn4Ybz7",1006257
"1EpK3Qw4De8epc2eKXnzmGc5tYzgirGWy6",1036656
"146XXEzLB2PMGhLhcZgLwL1CB3zgqsVZL7",10779207
"14nHPPYoBgsFXLgSXypqYCRHXuXsudV4MC",1009094
"1AGbr3AButjXv76LYe5jwSsMs9NCCUzQoH",1130000
"1EzfwfBn6m3Focf8gXsuZ9yBiBt22zsy6p",45400
"1MGaSsg78QsxiaPMZADvR1VKZk4cZEifXu",20000
"1Gka3vkAoJbDow7jCf896rtHXT6wsqMVqs",10010
"17cxCQgpkNT1fz8K7DzjDqD2XJAZ4i7iTN",24480
"1K2EGKz2z4TRxPpeFPLUdu3mHjpssjUsxN",20400
"1HDRiNFgxfW9shRgKbuggxV2iFDwqAdacv",13200
"1MYYQR8jh8YGmrebc4rceKBxHSRPddqAmU",11280
"1H5oCNsujTBuDFqwsYDnW7RwAG53AkhPXp",11360
"1141NfhbfhbeVpG9ir56qEZidmZRznCN83",12240
"1PQZDAG5fvvc1JZf9LehNbWHAU9ANDiaH5",21840
"1KbEKhFFrnWya1LJgM8Tmg2qkciwTZ88q",11760
"19EdntgVqH7Uv4KcRuaZFoVMGbop8neYaD",10420
"15hLqvDJS1nPWTPpoHMHaH14WdEpuDwjbi",13760
"1NPikdGG24Lowfp1nYPQUVqihLHCwEenNP",20400
"1Fsy4M4iB7v9cnAtUGKDhs7Y8hKzM3UHYE",10560
"1HeNu88c9RSf8us1nX6LcxHWk4LwBqre35",13680
"1ESRonNGtiCiuLXLNMpFBsqBwoQjci6iJx",19200
"1DLG2n7r8HKeUDv3z5iz52v8ZDv6PNNtUs",12160
"1Mfnv3WNh3rFKd2zLGxZbWMECtJKFc4GLH",12160
"1AyVRQfgEBgaE1cKizST76KnWrZapEoUbv",24480
"136TZEKxcQCqiMzCX5opFEYPbCA2u4j3BQ",11840
"17DJ53jWiXYYGfQpkS51NXBe2bGw8NjAGo",13120
"1wsXBMidsy4VMjWFNcvrrEzKf7YeaFEbk",17840
"1KnmV9qvNWaqtmUbxRb43E99xJY9a1vxeq",15120
"1GFM9iEKgb5qpyo1ncdrKfkE8mwHKvhrBB",16160
"1PzXcr3EUyENbsz4FPgw9WoMg4wcBDdmn3",14560
"1LvQyKSi7amt1Hmn1hjWnFN5bvmZ9pGdQV",12160
"1LjWyb6vztQWAfkaPc2xnjBXfyxQYsrkaM",13760
"1AiHGwvq9NXzjQQ3BgFEr5EuE2HnDBmxPs",100000000
"1KB7oBBy6xdv8PuugXW87e57sd6rrEtKj8",55426
"1H2Pqz4FcSuDdwSPek7d4gDvvUBfrTXV1i",2000000
"14xKpAxswLiwuhA9MZHeZgeGt6ziusNCxR",100000
"17ATB4wmPHx1UrYwxzMpowzp3qKfZV9Sje",18000000
"1Ls5eVpwYKCuX42ATggS6pKgFzEDrzpmLW",1000000
"13TcKa2ep7TQi6TTcR3o2T3xak1K1h2bkb",1000000
"19sMgS3bFBswCwP6K8YvbhC6zgrrCMfWZF",2000000
"15eHu73dggwd2UwaVHEHFAUDyP2WjMCYiX",4106559
"1CeBgEXr1HdgDYS84EGhUyDq6U8hsQdHH6",8200000
"188J47mPAXsyMcqx3hCM4UnM8TbXjDahZz",1300000
"16ngCTVa3YKeMC4augiBfMTLHK9cSj8Lqf",980000
"1PuPUE4dZSFnsDa6jJ74iX6ecVJAXUo1eE",200000
"14QYkWT4nKfsuprfCZhfeuCowuxtDswaPm",1510000
"1JosrDNMa5SGBRWbZwTGpeZu8M9ZsrtqJY",100000000
"1JosrDNMa5SGBRWbZwTGpeZu8M9ZsrtqJY",100000000
"1HXEi4ESn9neTZVMbnCKMEBPwzjzCp5e2v",3000000
"1DC34jHpSmq6VZbWWWS2Tmr9HNiFArU348",70000
"1FeMMBmmnpZvpqrpKdxiYQkubqjwH6Wewm",4275
"16bVoAdzpisTVLQqzfum9MjJcj9vxxX73A",11234
"12gpKEsefd8311ztTqDZPp8NZkAGqEv3gL",3240000
"15HStoioZy3DWkg6AfMTXWtjDTcJcHYq3B",945347
"1JsBXaqZW74Bd9EFYcqp34c8fiQPpNbEv1",2406
"1MkWrLg64kLhwfoJLBfLnUjy5poz4unwqo",1200000
"1GJyKQHAKm4fz9cnH5oxKbea3LzN17ypxN",1100000
"12Sz1yjHkbM4QXFbd32staHs3czgYTF64e",13200
"1M8AvpPpQDSYBc64PzMmp21LjZYm2Uzz38",8209799
"1NBxxecKnLLkzsYGd11dDPCCZoHJgCJze8",2353557
"1GeG5XZMcsv6zWCx6RgUm9yR6q7ZdjVQ6G",1910167
"1ERsYzJhSDLFAfU7hAoXnYkNSs82L8rj4L",16900000
"1EfEQKerDWcQott61Z8sXxRBvzSKcErbBb",26672434
"1LB7oFK589J698qWkMDfasDwJokfvnokMC",560217
"13hgEhR4sgCGGYEETY7opGcS9b8M1rdr7S",9000000
"16bCZMkMVTXEygffDBvT6Jm8oB7mQuYUYK",1000000
"1BNdpZHW9hqWPqTRYFh9QcGnXrxC2BDgJ9",62500000
"1ABXJSLCZ1prSM4kCBZGmbBqMEGkRMZoG4",20000000
"15qbHXdf69H58oesjiAa6UcpvghA8xieqf",230000000
"1DBaxkLrcfYeFtCSbhQQGUCKV1JMPpvrzN",13212176281
"1B3HdoyDmBVw5mHySivXucQm2oPZzfvWNS",255074
"12yWKq8g9C8RaZSLFsAcBDdePHPjujWszX",60000000
"18kmjUTFmHk6HgBcy1qopz81vGbCeZqxD7",3705000
"171iXDHYmNW6cwx7rGMWKSo4nhm1GkZa5z",69990000
"16VAPgmZEV6fMDMoAJiUzBQtfaBwAf2pxQ",5000000
"1EBDw3TwtibwAjxKig51z2avcpg9YyvbMw",1000000
"1K3BTXTtKuFrGfZM795bSPTmLmLKzREZw9",1000000
"1GgKgNCTe87LET5c5sf6bG3B4iWw6eaXZ4",1000000
"1KNMutReYrNVUW8irnLDkNS83VYpjnuG5i",2000000
"1GdKF8aaHUjkWv6zBHc3AHvq9gRRoSyUMG",92891
"15fMVjt4nE3Z6iTTWwNs9QVjkxQKi56bAV",980000
"19SexHrKWydvzXPA6b9HekWdruoaLB9Ep4",10000000
"1Hxb4idc17419aQsxpr2YtXyZtbJotvu3J",10890
"1P9iePNA2EVTyEzvoMEuyMja8h6RxmMPDT",10000
"1QJxMMYZu7hyfDiiv3ygFSSzG2A9gh2mh3",10160
"1L5Z4fc6kNP7GcqMZhZx8T1kUuUxKAt79Q",16960
"1Q8HU9WVKUGR1zeYiN7disbaj1gjZReSUn",13760
"1EN1vxgpLyiwSwkkvF7wzWCY4YrkUX85Ri",16960
"1BC5PunTGF6zQdD7Vh16MRth2WdbNfNUr6",26160
"1CLsTw8TKFY1G4ehbYx8wxbRMVtwkhJQyX",12520
"1PbsfwsmNgN3pjNuiKLgtwfWUyWf2rZRib",12160
"13QAgctE6m9v4b2f51RanuNSJMXXwtTazv",12750
"1DpbF69jFqRVKJ588Sj5knBnWzh7pQhuki",12020
"177TY2QM6Yeaqy4mu66ojDTBEF2Nnj5KRj",28320
"14mZtcQxwPrHjqJ88UM762eyrGuEGBavhK",30800
"17HUAbuAeJfn7aoNR78BcVJS958WkCwDKL",10320
"1PQrU9F7o1MuE58S3mrTSaRpTL6njjvzED",23440
"1EYo5vfiYEq7t6ACvbvVwmF99SoiuDXPf5",20510
"19kuPf3gSAfzBMXeMXZ7jpv9tqsrbPddoU",21840
"1MNyV3WizmVTUuRz7v9m1AMf8yKFwBUqJs",14720
"1BwigJc942RrNykAKVSnUeJTYuhUgTJk3s",12480
"1PHdwKuU9aGd1V8xFG4E6jwxcAW4DuLsDd",10720
"14mECbJWvXkHhzL2zAs24E9JdTtWQLUpya",14720
"1DqhcbmH7pGzZwHKcv1EKJ4UC6W6gA1swZ",25440
"1MzE1Qgnog4XJ4hq4f3iEkiCd8Qob8h6L5",22160
"15UYhXfZwDxUt8nZ7PyHzbYREKuaSWAy6t",28320
"1EAgr1aKFUaCLUnr5RhCMvTvjheByu72iL",24480
"1GNsu95WReZ8K7K3jvv1qkTJjDJuPKSyzq",24160
"1AxADfvGXuVyisWhsjkUm9uitdkALhD9z2",21070
"1NdatjcehdWc25FQWLDSskSnHTj5N2Uu17",21840
"1GkJnVmTQYNpRbfDbTFWfjM63gfaT4HtaD",21120
"1DFDRGYbciypFPeVyPPD7cNyyZJqiapC4w",14800
"12bdjZ9ySZsL6uYoqTN4wWgVTGdiAPhqEZ",20560
"16hjZ3Hs7xaS26AnRMcvdR92LBAYkQmgR6",13440
"13jseVY5NfkktrANkGb9C4d8sANUEhzQDY",10520
"1jrupSiiJhnzn7HkKf9wNdXnzbsh3F9yT",34800
"1NTk2G928Nev5pL5BEvaagW26N2Aij6wwx",27440
"178SX6c3ZLu5FjMcJLyu8W9G5qaqSeNudm",15360
"1HZm2JkPQchEYoMNkheNgJwassSVbFpGCL",59120
"18gJhCXGWUD8MpiCvG5rbr5qava857Lgpr",72425
"1CF1c5UVzYXnkBFKqCdC7KxrbQASAh81Sp",87806
"12P1pn2r3AeSpzac2cjPiDBCuvgus4gnjf",89500
"1D5qBArsq29qASazA9wNqr235s8s4A8hQx",89910
"1GwE26R1FVPGHqnUBDaAgdc5tBWQwYV7RK",93434
"1H9CnreMwazFJVi15FmzPvvf3tbyFiLcAk",94745
"17ha1BYhDmear4WqThae681HzzHPT17SSn",95756
"18gBcEZXUKwJ8YSH5e4S5saa4qrgRjtCi",112367
"1CfpFnffcA54FYFjShQpmgdcrbFs98FBxE",119333
"1PDgjxWin9dtSoguMouPNsy7dLzLYmRcHb",148156
"19LSHErBbSp8E8hA22FsNvq4MvVyTSmwGw",253556
"12TeDqkdNWXYafpghVAdK4DTnec5KGtXRv",272516
"1AQarXLXfWjSPkohcJatU34UoVav2JGRvP",533448
"1LUMShK1cEyRR5BYNbCnmdkRSAuLmb7SBJ",686000
"159fquctdm3AepP7E5CWp7JxevQvgmMvyR",10000000
"13uZiGEe1nCkNwCTn6HcJwpZiE5g1RSWxX",5552724
"1CGPmQDeo59ZGguDi9DMJfXAZWi3ETbUCp",23600
"1KMknXs2jJ9iMw5s7ayVPBmWEVqNRA5eqc",150000
"12jmzWtpXqhoiyYVUTCRHNXnfdR9E1dCKh",7121
"1H7LQ3TQyneQm3kch7iQTxv9cYb9g4u4mt",3991352
"1p6iWXei5QnnZvgjJ2RvVa6C2xTJTcqcD",76
"1BukfKCHyyuRbgkZraSySUH7ifgKGt7Hp7",350000
"1FQAnePsHUAMi5ixiFeeCj691bwDixgsQ4",10000
"1LUMShK1cEyRR5BYNbCnmdkRSAuLmb7SBJ",686000
"1NdeTvVwYsGBfYzJWTVasmmcyvFDGbN7Fu",1000000
"1EnivUh2Mb2SYuYX2cAPLGPJ5d62Coke2n",96772206
"1HxayyiE8SE89bVQoHuFwwx75ToP4gceBB",127302683
"1xbbjJcbeD4Qi88QmJmMgTFSdm7b5WCG4",50232974
"18Vj2in3wUkiN8HADLGKQvRkKPw8T5HVcM",5094125
"153GkBifEVidQq8k8PKy6y8HzLTHY5X8tF",1033334
"16YymoNQtQS9RjUizhyqSnZQq8GEeyUimo",10186267
"1AK5eFCuyw9EgTYA1GctZfyUBzGQgS4HRJ",1006111
"144xMYdTp5PPUVc7ap1oQDCyirK2KxD2G3",1042854
"16FchBXy6Ds8LKs3k2RP2sE9YDiz2m6ZjB",1010361
"115Enc2b6B4XJruF4JoEvRQQjdanvJbnAL",1003720
"12GXRcAgAtxP98Koz6VGcBfecRJomjETty",19305
"1QG57WWWwKLVJbLYqVnCi2EK3UMsDFf78j",19250
"1UnL2cxHKRfF3tquqDgAp6j6pgWEGKjwA",14275
"1GqXJxr2kL6mYNHiMpJASshgLx28xEckYK",15500
"1JkQwVcriVokpnzoHji1o8HdzjQzjAoYB5",6000
"1PuSLH8SLuGx1ymiTJY1FnsxuvrVkpGG4q",8250
"1HDC9jstyyEs9VAgpBX72vzwDxiu9eFzkQ",23500
"16hCh7EhSGaDWj88ywD4Yhbh8EKE1dwqFH",7250
"18L4EtttBLkRhHRW3ZyotkAnwAAxVUW699",9000
"1C21FniNparw2UoDaRkZW8jfnDikGWMivA",9500
"1LoRUf8zBDN8iDykYjRsopYSDyxeK5V9BW",6499
"1DmfzWc2MmLKLYV95KitxHUe16FfzcpB67",8500
"1LThYER2wT87kADiSXZnnrJm4Xebqtkh9g",6020
"167Q8LucX8Qah2DMXMsUVapnwqfNVfniqw",6760
"12M3MYZmZYLsnMbZgNBt5iRYKia6Ryn7v2",9500
"1LZuhVRCoJetB88x814QWqUcSogPcoT6y2",19000
"1CEc4AH2i8uvWkHxeFgo1R6f4p1NcArnYY",42750
"18DK5Vq6hcLNpE5k5hJQsuqoyCYA3Vgf7o",10005
"1Mq4T3XRfTTxWkhyP9XQENm4V36BJqr7Ys",14290
"1EVKpjpjUPHBMjN2HJQKMmyXFvZr1ij51C",6000
"1KGYngZFfpt1VLB1cnMMYRMBHPiugHxWAh",19000
"17U2GUKVwEtdk1wCDThLRYrSRd86QGJViR",8500
"18mKBEGc6cCLczu77WKhPeyZgBTig8aLio",9605
"1EpmHVGMB9rWHHsXPuMqQEUzLkv4XVFDLX",6000
"1NFRRZZWSmfvcA2fo5bzHGgUvdoY7rKDqk",16000
"1AmkJTm42yBWm5vMMfisUJXfV12qyw3qit",20215
"1BmytF7k6p3CQ53BkDChmnB6JH7ixMeHxb",11500
"17tz3D9sGWwTRv1H8P4ydbSQZHuP2oN5EF",34000
"1Czf9VPbhufvMvKt8TyFZax9EoMSrgfGa2",52879
"14qinXrgkJ8D5tsnmhgvkgAjjpDXWG2cFp",9250
"1C6cE9npwhPP58rQZWWWcS474rabYx2cnM",35500
"1D54jYtnRGTDQpuDDXzPaLc26oAVszngTL",8750
"17nXxbaG2TstZiEM1wPcf3RKEs7ezeRYeH",7750
"1Db2DFHkx2kdneKGk6np5NW7Ua83g41eab",11775
"19uFoazPiMVddgfswDsEL4y2WmimhdvvJ",47500
"13hafbbYbA9cyehwwBweDANnntJa3TejaB",38000
"13qPC8W5DBw36gePmRakUdDki9PBV3P8bY",5500
"1Gmr9h2GrGdpPUMHDujLWzaoQPaQjV1Yad",9500
"17Q3hmVpopHjqfMJojVAgyEr4k8CVDetAA",5500
"1FxMWEaHhiGFzJAz29pAJK87GHnsmXUdBz",33250
"1Dyfy1nXznuq1sginFVit9Hy5dnFmkAFBK",9000
"1GWRYpzUwdyZZAD8xdNvrtzXbkkrZanDmH",14344
"15vSp98iiu7F5ycqtbEEXZN6w7zyxpQikE",13500
"1Gw9LV3iLtPzKfuuHAxXFNugTiqQTJs7qf",9500
"1fVZ7NeGABCSiomMTJAKLsVw8uxuWE6MG",72255
"1FSmYXXYP8JNSBpY4CLxhTbXgzwGKT9jeu",52249
"1B6vWUALMGgJbbHmv6GSkmqeL5gL2t8G3h",10500
"1FeMMBmmnpZvpqrpKdxiYQkubqjwH6Wewm",18500
"14GswxVTyApoiTarJjpifrzzBDpLzCgXTq",5500
"1EModRKjAb4ZfVjyf6WComTjNp69PHjiDK",5750
"1NRNYQr6WZXFyAsMz5pyieLnLN6goK8sCR",37295
"15i3euq2vVPbAmzbYaUrhVS1kRkHRdKb9x",19000
"15krAFGT7oVN7i1a6rwPmcF22V46agso5e",6250
"1GwENdEQSRuHjpvVSbrL5jJF9AJGmQsmYZ",9750
"1CVkFq4B73o8BDBs3XrSeDEpqZkDvJ3Fio",8000
"1DLG2n7r8HKeUDv3z5iz52v8ZDv6PNNtUs",14334
"1E8kjuk2zRzZvuLNyR3xTz3caziFfmfQ42",8075
"1DRtDyF5hXqUw2jVYUqpDNd9HsK1GUcgr",67000
"1FC7YZhR7P3iL6WcmfbrPYZh8KxGcdDKzh",6999
"1HwFwFRW5fVhaAUiZPMgEMVSqJvTCeUXcT",9010
"13EjSyHa7C5h6rieVNEbT617X1u5uz7RCj",9500
"1FTPdrogcDiLKd42V1X79CQECbiFfVxRJT",6999
"1FaXWqfu8kq4uU6U3GYievnrG69hZry171",28500
"1MY2Hm9Lh1bt1wAeM8uiKb2svpbtqfWyce",8140
"12qCWQB54HxGSr8g5BsUXVyfhWwdDx4Fqt",9500
"1FFu4TpyxE7bi9LoLCrG6SqNSA1zvhmQaa",9250
"14dk9bnpvXvVJyFfcD9ApEbkhJG1NWFqu3",5750
"1LFHat2C7RwmixYbPXpXFc4NoreSzKL8Sc",29464
"1JozefPTC9GF73wWKbMJxpgpAYWdVtZ1ji",51999
"1J8vNsmnYeCCTgB4e4ZwKcEjiUbbQrsYEn",20290
"1FzdENpmGyNhKcEbwGKNFoKkSP63RMr195",17750
"1L9zGjoQe3fHATEZm7W6WvCUea1VRmzJcz",14999
"1JEzQTrU86SRZgzt5h4ajJgiK5gemkC3MV",11500
"1FghvT13G58XrMEjnQx1XSeuqhWqev6QZd",6000
"1F9hyyZygMMrujSdrrM4znAp9CBqxMq2Uy",75500
"16BHJuG4bhRCM1JVRP3HVNWveCWg8yBZaj",22750
"1MUJvdou7Nmm8nVX1GTVoxYkGqikpX4cYu",16365
"13981D2uJgyfNcTohyXwM1rievhG13hQjW",14500
"1HCeSniPEJF11QjJtLGZ6UnLJfHpHmzuJs",12000
"1NkPpiPaDjtDd7yAKJcJuWYZ43nYa5av13",20835
"16ncbb4TMJrMw7QnApMp6qyY7XQaKbK7En",6650
"19SStpJERPtkKqJSn3BR8A3XMec7mqDhwA",8495
"1FNPu2VveKmAKMQREvrCjNVwEUoFAs4XBX",33685
"1MEXJpbWHbzM2DGsg5fCrsEX3Yx8bBugth",19500
"1FBAey4Gh6fRDVA2YEsAKAoq6CpGaH2tke",6499
"1BpWELWPz7qRkGfjF1Edu39tgYqY6Zw1iq",9500
"1JvRzGngKoiLDoeJEAk8BiivURm4DgyZaJ",12600
"16o9E6EQ1YkyqwgjXpd4uyARatcSYyRDS3",6830
"17r1ZgmZMBxRXN9niEdack2yXdEPDkjXp6",57750
"13nb3TzJbnyTLnVwZtaxjvYzfkwGcjP856",5760
"1KYEgQweLyU3ByWcgSSwoVKBqM3aYYknGW",14250
"1HTSQZrGA4nTTEfkNwuGtf4cn7LS8R1ngo",39000
"18raVRXp7Fj9999GgGYgRBkTs15kU1wVqQ",5545
"1FkTNYahjtgVU6Q2pQzmUBDh7uzHPNtCdr",9005
"16i3MmV9JgdNEGdEpVQEyHocoMStH5XYte",9750
"1EgDmX37jps2HDFxRqQLiDJu6Wx8L6cejV",7779
"1LNiSw9huTwv6Dcuq18DuJQx5VXfkVPFDb",6499
"1M8ehne1nYCZu6Rw9Wx6g218DhLYafkxZJ",8750
"1NAj5WX92F6tF9HYkPS2FRrb9LvuSDPyER",48000
"16yXZBeh2Cz5jJMufn17ipuBnZrsdfPpdL",11250
"1BWGtCFzFC5WuHZzhB3BATPPaeVUF1ydWR",18000
"1Aj6dyoddThtW7veF3CQ1UcCeqySpCvrew",12769
"1DZtb85D7oPp7FFn8RihHzRkLZZb24UW1Z",49750
"19Vgf3iHp8N27DseU6dYJ9ebgSyeBZkojB",23750
"1HZbjDcMiZ1oxnxNDAGTssnhBLJNNGeBSZ",25500
"169EE9ifi8b9FXqimwEYkKDs88CiNxPhkM",25999
"1ADvEU8H17cnEJKGkTc6d7ADZkhTwvt6dY",6050
"1BxV9qxEJqjoKf5FDWyfhyniSCDt3ck5gr",20000
"19z7QsHF9JUm6AnMBMWmEZy5k6rc3ut7sL",14999
"12PAcwisBJYWH6EDMMyBtZqpNKty3RSV9o",15750
"1KDUqqLE938xW6BUP9fBoXWK45vPCVNimr",38630
"1DUCLuzSMgo5K4rnMtGmrpEMovBpHFCUtv",5750
"1DhSC1e1FtGNcFPWAYk2QhLDKQv52NsrQN",33000
"1MDWFxXtVAUryF8SeYbxhvWVh4qTRtE7qU",22500
"13LijGvToGqgQEVzAnt4wgTGKtpG2uKuEu",51749
"1C2PJxFpVV8LFV3rsh9ohTYZCRScMnnuWs",79000
"1DoprgesAvyfTpb9RQpQazdVj1AZ2pvby8",9520
"15KXM97ZcA8FgJfEgSU8MKLhgFTTmyc6MJ",11000
"18QmrX5RU2XaTJoq43qm2tWEk61QhqzrT3",6000
"1CiWMSLG2diXYT2ndVpC7AwE7vZpCLVJdw",8000
"1M9fdXKirajPHcPXTAJk7qnSy4hNJhGetY",18000
"1B5cCNmR8LFPDBKaCCf5feCJTDfz24J4vb",6000
"1LNqQaQkBNCJjqXDZ5wimawoqzx1r1NM76",6999
"1JboPkn2tXmDw5YZ1eLeC34sa35F6xMsmH",13250
"1Kg94CikpDn8nrMcomVsEQR73KEZ696cxs",9500
"1CGFhEdZchMWA7P8SDiQD9AbUhoB8V9Wsu",28750
"181ZJRtigACKwKMozP7q7TKZZcVecSys9",7745
"171MmHNFoSvcCYx9NvYg6D3auryXQ7ntXH",13250
"18yCUeHbiLfy7Vz3DUjTPE35mrhHwWmB3J",46500
"183GB4ZcLRFYzkBSSzQnFwg2FZNU1GDE4r",10000
"1133o9WSjL5H7fvBcYUAwCsEWVmZVPyRRH",5675
"15Bi9P8eh1nAJC6Z1J7ugVZGmtXenZzX3U",7250
"1DCWmkAdWLrBn2RW5um3hjRrvTk9S1fzZ1",13999
"13p67eiYdtm5rVHqcFVPiBUAsCTuE9SRMR",6000
"142HBMzWfyUHBdaDCqhXjkfXMkmdihgqEr",6000
"113XByyrN3KrLFS2NHpAS9dxFidZJPGY5t",19500
"166xt25frJZyDYwdKsfsPnYBJ1BLMN9aRa",9500
"163CEgEdAZk8Yp3YHKhPCm93pHJVfuQqED",12305
"19ASzqqbM8TPb1Zysi5XjEjdSB4KYReCH9",5500
"1H6QFzCqxvTgpcEGtygQivy2qmPEN8obqm",17750
"1JMGCxpsvDHJ42mgsNmQGgLkyRegZkEywg",19000
"154tL2kGssbWhZRugWdrUPh6ubo3tJQvhc",14585
"12BXAR97SXiHmSNvbJ5KBVKeSD5JDXCxz5",9000
"1JWUaTJbi2AGzXRmbxAoBkZ3Dqzm2R6pMY",62235
"1HDCMCEy5TNdnFL2PoooV82gTcsV3iE2Xw",6499
"1FatmC7ueycno14efPPY68ZRcKxwrxHtSe",6499
"1MJHVPL2tTZQP6qWf5tbtifXnesMygHir",9250
"1J1X34jw3bvmHfYv7uDPn1ydAdfXxhCguS",14999
"1EaM49PSrhDUQuKergKRaPtodQKWVN8RK4",28385
"19j8Fj2ndFZs64iK9LAvHaoxtMdMbmTVbc",6000
"1HCERvweDBWNLtrbVQSpbCwLvzCDQxsCsq",5615
"1HThS4HnhZrzAGwWezvVNwNSJX6ZpfWgKS",9120
"14FwxJsy4vEMMe8YePaHsfn57PQkJx4nR2",9500
"1FQr2nMmhmqeq9LJNFU1uzGSVGtEw3kFzQ",9705
"1HDRiNFgxfW9shRgKbuggxV2iFDwqAdacv",16000
"1Pbi5Fq3McK3hPM1ZX56EbYuVYnuBJSD7u",6750
"1MgLiR1aghMZEs8NAkWF2gxA2BdLv26XDR",5500
"1F7BUmg65kZzjoh9Ajw5nb2E9scfwpRjjP",21555
"17D56Ee8m1CTVufeXxfyDyiheHAZJvLPPL",7779
"1EApEBegrZXKMciJupA2C1XLJg1YeBwWSj",9250
"12SgZ5G61WBoe4uT4EE3Vo4EQ7UbMgpxq8",6000
"18Q6GBicPQuZK6Uz2z5MbX7fjZvcpo2F54",9605
"1Fo9auNghdd9cwXQ1Qa6A1FnFH7gGJzHNg",24000
"15npisRfJYxe2ZbqrHcVCfA5A5B8QmzBZr",5500
"162GEH1juyKVFdoAstRuXaKe5sc4tYHMby",32500
"1MzE1Qgnog4XJ4hq4f3iEkiCd8Qob8h6L5",28500
"16771tPBQZAYJjyKRYZhZtH4JPmJfgVjFu",8825
"18JdwxaPnEgVDBqPom88HwcjpwK41ozRge",13815
"1PSVXyQe1pGzULpATGKTccjZinhSmXzZEV",14250
"1N7V8awZPZpU4h6S84RGXc8gw32Gb1jLt4",11590
"1iVGhf6XDw2JRTHnBi9JTzNb5k66gUkrp",10250
"1FmEXD1jrPttvSx4dWbRUPGD74z8oGKRsv",8059
"14WhdH6MWNutZnLhMJwvAQPo4p8MERNRS2",8900
"1PQZDAG5fvvc1JZf9LehNbWHAU9ANDiaH5",7004
"16UeeuN3Mwh7w2mzU3JcCsdy5HJnNfPFRJ",12250
"1FzXVqQsZbnXTdNWeWrQC7wGZuD1kRNuQc",8750
"13EcTkhtrGUtQah78KF2HSVPfEiaJtj9Zs",6250
"1JxvRAoa252wFdtmCHduckKCfMnxoWPfTt",21000
"1HxQ4D6FABo6fd36iYcv3ksBK4kcwp6wmM",8750
"1wrTF1xbdayHgDjQHrskjjzBWk4k2RMpj",9755
"14KAaVnwdLxETS1Sn5ccMTmDRHPvP4f94u",9665
"1Ei7KFc3wXhvDrVSoFQfdRrGNQd6HHjL2a",19000
"1PVBEjELVujdPk2cgia87bv9HV48rH2mjD",9580
"1KPGF8yv2wZzMnAnTxT34mvTji5GtXnQMV",5750
"1Hot4be3ZZnkUjsr6E4fYW8a1SMmVkBd9m",19750
"1JESzPCzgU9JzsTpbgP8QzsqhaFaNjKxaT",8000
"19tjf4i8R1CwXQ5JjGx4MCrbWEqdqgnbeN",12000
"1JdS7swizcWKXA4Ku8nkv7yJJeyhTYJdkr",12999
"1P5WoH2FaEjoA6Umpu52J3YT7xRYticb15",17000
"138nG2GySe8uE9QtrR5XVJBFmR1eTP4L6v",9680
"1C8az5NHBA9ravBPR2SRU5C2PwntF1kaYk",8015
"1MSJ4ByGhS6HFT9Dqm9F8VtExvKHV273ES",28720
"12ovwC54ZW3kXRxYCJPZsN1NfRzTvUmovx",14250
"1JzhnJpsB5M15yZ4qCy2aTQr4Y3cBdfYR1",27115
"19GmEDFGjEdnKbuZrpJwq8LQGWUUw8Abg6",5500
"1HBaQWVXhNJjpft8d29eAVwwAM8Sh4WVFi",6000
"1HQ8FkRmRBaZfBxXGyZy89Wd4nHyEP6yxH",10000
"1253SV1iRhrH1iQ3ujFY7YxHd1PLUp66iS",37750
"1PKi9Rao6Dqs7a763nGPdo4123L9QYKudw",19000
"1AgothgjeZ6knsb1Qvxc2bvY1JayxZFDJL",23750
"18EAmxU53DHfoua33HqkbQcPL5iiHw3nY",750000
"1GbGsFf8MiNSkJWVNtu4DgxidEMHMzBVgC",3119638
"12qL2ZyLVX2RQmkcXmnZ6hiv6ifrpriFD1",12000000
"1AE6fjAMndN8L8Xb3MfT3Gbc9EqeHi7jW2",50000
"1AYuXVuyy89GnrWajcHBCTCK4b1cng7wEC",60000
"192t9tC9u37qUNgwKtMaAC7GGEd5DfmBMP",325987
"15fP8nXZ6XhHVtPQwz1dhChEEMmi8zjnCr",50000
"1Gsay7sLzh3QH7sf11tKgkNFPLr2R9Bwh2",1610927
"1B7VxVzib2Qcv2UpDZoVQC3txFHixsTd3z",10000000
"13Qm3NjD4rmPmtN9xsLgisR4q3aXbNcbAG",10000000
"1BAEW5AqF4XV6EMpmNYu9djBFhtxTqjFQN",754150978
"1B2LMYpqxXdFMQ4vSCPQvLjKcKDHWVJVQ9",37009623
"1EosigXSk98xA6SykjkFRmWALh475V4FEb",666144
"18RiuWNPqZfKbAUUox2KC54pKnsb7JTf3i",15406802
"185LB1YwejwEPfoxquYfdi9XxSJMxYGdQz",195817
"15hAtVt1UwC6bwVBw65CsCoJkiCmE8Jho7",148565
"1zqkyH7Pfyt2jXXHBb8rBdyiDzfiL7yxx",47690365
"1Ja3VwAJXjSHwR8cx5hiAP4BbWrLrBcBZw",5000000000
"1MnuKtkRHVhujvVEwLW7bSvkAudn7phnNG",1244200
"18vLMu1tg8WUQKyiejGxhuyHS5bvn5ML7c",1000000
"1GgKgNCTe87LET5c5sf6bG3B4iWw6eaXZ4",1000000
"1Fz7nksMuSeD2DUMnmcbSc7C5CvV5WayeZ",24160000
"1Lk3nzdCxkmbyWM4X5Sk6HRg7HtfzV9qqL",389955
"18gJhCXGWUD8MpiCvG5rbr5qava857Lgpr",65732
"1D5qBArsq29qASazA9wNqr235s8s4A8hQx",97996
"12P1pn2r3AeSpzac2cjPiDBCuvgus4gnjf",110236
"1CF1c5UVzYXnkBFKqCdC7KxrbQASAh81Sp",103296
"1GwE26R1FVPGHqnUBDaAgdc5tBWQwYV7RK",119607
"1H9CnreMwazFJVi15FmzPvvf3tbyFiLcAk",109963
"17ha1BYhDmear4WqThae681HzzHPT17SSn",111192
"1CfpFnffcA54FYFjShQpmgdcrbFs98FBxE",145861
"1PDgjxWin9dtSoguMouPNsy7dLzLYmRcHb",176158
"19LSHErBbSp8E8hA22FsNvq4MvVyTSmwGw",311720
"1AQarXLXfWjSPkohcJatU34UoVav2JGRvP",352891
"12TeDqkdNWXYafpghVAdK4DTnec5KGtXRv",333440
"14AeD2TPf9eLaMeoovVYxtQ5DETsGGXbHE",190000
"1d5UR9GqaB1tjWM1WRxERhgbEsQ8Tpiab",4510700
"18yq8zvLvDk4nUYSoKzKdyrimLdRHhYuci",7693
"126iNPPyXmykmYizrFMttZxdwudF3jgEi9",10000
"1FMhN4gxwBES7ddTyLvHYyEvCFEjaVmBmg",4900000
"1GLyEbn8KLkewG8tJMrhh4THXEtBY7Wsxd",3000000
"1QCCqD63Z1vLDQAevZnE5CTucovbesxdmx",40000
"1G1e3ebpbfARLEU9bZjzDTdTDZUV59Cuhv",950000
"1BBjW1kFUVtf9qQCXzb5yb2U8sJREfxBtA",100000
"1B49hTHD8rjme8VD9LnJdHch3FZPG21rqM",100000
"1Nd1Vci6sfTskg55CqVmK4QGzsBPVArgo8",40000
"1F7ndfBCsR19bu6MQHrPHjSfui6Cg1Wvwv",39000
"18EkCGquE9hbHRi8zpdNVyaRgFoGGFZC1g",26547
"14AtHhfEnYDSpSGAU6yU4BWSKLWn17EVCe",20000
"1PbsfwsmNgN3pjNuiKLgtwfWUyWf2rZRib",20000
"1Cu6X3c716CCKU3Bi2jfHv8kZ2QCor8uXm",15000
"1C21FniNparw2UoDaRkZW8jfnDikGWMivA",14450
"1JvRzGngKoiLDoeJEAk8BiivURm4DgyZaJ",13021
"123n4hnydwVrrugbqgDN54Huugkj8RZ83L",12045
"12PgN82qvTdFoZKsftqEBFRJhN7MSR1VW8",11750
"15ezjxGDeefkHcwAmQNWPX4Q1FUy1CvLGb",10000
"1AtQUEjuabGm2nxdaUbzHc9hvRmDQjCeJS",10000
"1zqkyH7Pfyt2jXXHBb8rBdyiDzfiL7yxx",35000000
"1GfwBThjHLa4fuAd3tmxr7v8nPGt5iut86",400000
"134NjwfXaAGPU5NrRTPib4k33gk7DDao6z",10000
"1BG5LNUmXbFN3jhQVL2xu3BJXmZoYQVQpv",23680
"1LRriD5sgb2cYpRgRicydi6tqY6BG17kZQ",17440
"1DuGLnuwBByMJWM5GGv3GHzkZGm7AchLnc",12480
"1AgothgjeZ6knsb1Qvxc2bvY1JayxZFDJL",17280
"12yokaxAPmRFqBxv6XkpZ4TksYX6LhQVKd",19840
"1PDjkxcSZU5ZEStv7NHkwxRwnzHnsGab9T",14720
"1Jct5LZ9QGPX1ENbLHX9P4VZocxkAjEANL",32480
"17GBfa4PcXhwphEEtK6jdvSe32cvM4wvbr",15360
"16EHZxxk5bpEg9YMwpj7MnB8abNEMqhbwd",14720
"1MCVv4iqfeGpjsxRt6bVEHDmEWo2XSaVg1",13760
"14LBQjKXiQsYQCcixYG7QfXdj3jqbFQkDR",10790
"1HwYvgPHTUuhoxRsEKyzb8KsvZDRjdhmjC",21120
"19pqSKMotEcSjgHD84tqHa4AsjbYWAyMpb",19440
"1Mq4T3XRfTTxWkhyP9XQENm4V36BJqr7Ys",16320
"179nDSk9H7xGXkC2uuWjbUCy7S7rNzs8Ev",14880
"1HeNu88c9RSf8us1nX6LcxHWk4LwBqre35",19840
"1MQTSDwrWq9xMxwi7TRaQ8BmhmdQQP1wrF",19200
"1HVvM4Vzi6PYseDhj5eq1st9oQLihsuJQW",13760
"1EuDrMCS1iwMRycoU3TLdihjfeUoCNJ84Y",11040
"15QS9KgX3UVZgLiou9t68F2xarRXNbmgdg",13760
"1PBWtxXW1E9fcRhdyAqhrWmFkLt2N4niiE",11280
"1KQ52TRUKWVmMopMYMEEUqNnAWsVuVXpyK",11360
"15ZXyzDQL1fmXrDwAkEC2qZagwmovQzGgp",25520
"16JocBTsEkeR8KQbbC9YfZvAa6pSJ4VMX2",16960
"1DBefLt8Anofk2ZQ1X7vEzuZHn5toY3YjF",17760
"1PZwAibJtErc2d6VKj7t86GYj8FVvWZWLo",15600
"1MXMSo694i2Vqya7hv7aHyVUuSHZySYijE",13760
"133JSKbbsxypZ2sNMJPsnvyAJHCHMPenRX",30000
"1A6nVWCriyE4f9mLmRjCSsbscraKu1CbPY",20481880
"17zQR3oQW6QsmvQCdHZgx4CrzWvrxvnxoF",5578
"14mBUWbffTz3dQWDjque5nAUr4mssvm1e6",1258088
"1JbdLEFmFJmxmjFhCYjcRnYdKG9LrM8cCa",5657
"1C9ufrxx8ancAwQytYdxHnN8tLNWLdcNPf",5657
"17twDmWFPbecR6TtZPaD172A82b7PJStxW",100000000
"1L17urkgdSo5iJrGY85ekMzX4Ax7EvqNFy",1364406
"151cijSyHQSEHEz1k2Jn79LFYo26jTnFQN",90000
"12GvfJpkrYNoeC5RiLmVPWAZCeAUjeMtcL",399978
"15HCei79NpEm5gVmybhnMwn17Jf1TCpeck",215000
"1Dg6LvyFxeiq9Sbir2MGtJcVUNgJ1K7Jpt",100000
"18bU2xrgKGL5YQkPpX6g3fBSGXVVk33uWx",1000000
"1LAX5MdBFKYq6hG2Ft1KrJfbtgdRhzRy9z",1006267
"1G6QsPFZyWo3hc1CgDBefkyaZnN6FG2t9y",10106718
"1LUexfvEJAu2x6UEPtkKcQmDpKUL7FYuCQ",1099493
"17MYCS5qsfNVdPoCQdvcG2UAQTX2xBsSRC",5079563
"1BMh3bXe81fAfDTSw9HsPdKn1WEmms292B",1007671
"1DVLNHpcoAso6rvisCnVQbCFN8dRir1GVQ",1029200
"19r3hfPCrJBoqxB6vK4SHFSkxdeeVm1dGo",1204154
"1JLzbtfRHL2jnyUjpS22bNqExeYL8Kt5Zf",1029466
"15ZDgK7zGWHHQmVM37r29NzMNQg7KVXPhX",1500000
"1Et99Vevt7AuwiSps7okav9f19JbcX7FVh",18130000
"188BYSmzJea7cFo2QCPvzGi9SY8H4bq9ee",686000
"1LvBKWgUv2ghotfcfaULUBvRWoEHaHXuHw",100000
"158hNcsazrMQSL14Dzi2PdaoMMTbWBtXpy",10000000
"1Q5iWXpmfWoVXagk6a6zpGtY8cNYJy94sF",26555
"1HgFUTRGftDSB11tYdv62FnFp6HNB1ZB2N",28085
"1Czha5jzcKvuovvkfozL8SSxJRFtENoxH",91248
"18gJhCXGWUD8MpiCvG5rbr5qava857Lgpr",277652
"12P1pn2r3AeSpzac2cjPiDBCuvgus4gnjf",395892
"1D5qBArsq29qASazA9wNqr235s8s4A8hQx",419961
"17ha1BYhDmear4WqThae681HzzHPT17SSn",427939
"1H9CnreMwazFJVi15FmzPvvf3tbyFiLcAk",442063
"1CfpFnffcA54FYFjShQpmgdcrbFs98FBxE",549403
"1PDgjxWin9dtSoguMouPNsy7dLzLYmRcHb",608250
"19LSHErBbSp8E8hA22FsNvq4MvVyTSmwGw",1130469
"12TeDqkdNWXYafpghVAdK4DTnec5KGtXRv",1187186
"16JhTchkMkfhHRnAVU9kD83XVA62qYqCy5",2013686
"12bJADmC3hSgLH61zafdx34xS1TJTi4ok4",100000
"13RVzs1ErUJBUyeYnmdbkyyoHcxQWirdsn",10000
"15BpwyjpF7qSj4KzFM6ySg8DicKdCT2K5N",686000
"181BidQgrhduojgdVT1HRT6gZUp8AjjoJg",100000
"1D9Fm76cYpA4ACYuPGN9uyAGMMpcZKe8we",5778000
"1JnNKcgaLzNqL9kpi8vAipS9AhvTwS14kA",20000
"19PC8tahA9s7nHZt1c4EvSK5y1Qsfch1KW",90000
"1Ntc8QxEMPRvLsmwPbC65QcAjyFjSMSoLd",15850000
"1EV7MeWXU3Wnb1gg6R7x5rvb9hMPKNcKtg",730000
"1G8vjHeTnkjFQbaAWxMktPxZfek2iCiDr3",25743817
"1P7VYcnSCFZLPuYWJyhEZTY9BB7qxYVyZW",1000000
"1KztgaL3dKX3PDSM3MnTj5Y4WHun2iL4As",686000
"1QGZc7XMK1MBkC2V4sLXQoECaokgi23ypU",2000000
"17Y6iP99afU9U9YwpLEVDFwLdyhQzeTuNt",522134
"16jDjaJbMmfdN8ybo8JFZna7bXon9o8mJB",8640
"15oTfj1m72NkJSit92VTaemXSKpzNByxq6",20000
"16UeeuN3Mwh7w2mzU3JcCsdy5HJnNfPFRJ",10320
"1KafCLQRsNgkjn1xPASku8cEcb7LHqug8R",10380
"1JQd8QivjySQqdhPEJ6vL5mf5GF5VZk5qx",10480
"1QHo5JLX72irgmkFMDKbtQVuqb2LbLY5km",10560
"1B2o6mRF8n9aEbUKjBFYAw9t5vc1wsewoM",11280
"1JoEeW1gAPhe4JB8Mdr4z26jNNyfq4JbDq",10250
"18pDW1HNBZ59qnpwcBY7nzSKaVzU3T6Mut",23440
"12LwbFaMQuNfxhYGXicbvsrpNCyWMmBaDR",20400
"1ALQ5ZWREBc1nX4e4NwXjAhUFGcu7nr1w2",10680
"1BTvsTkgdosQHscu1qdcTW5gN76R6fdbVP",11010
"17r1ZgmZMBxRXN9niEdack2yXdEPDkjXp6",13440
"1BwigJc942RrNykAKVSnUeJTYuhUgTJk3s",10560
"14HBbyNc1VjrukXw3ynwK3kGfqExKbrwXT",10560
"1fVZ7NeGABCSiomMTJAKLsVw8uxuWE6MG",15360
"1MwUtt6Zw1FRHGEojhbQ4yqED53aDYrPRM",19440
"1HSdLciD2Pe9ogbrfmJVME9KmXSzKyTSpz",11920
"17XJvJonczjwp8jR5p3yE9Uw2v7n6G3gbr",10290
"1Au5tRoTNYfCimRJ84uqorqbTbrMgzH7ZM",11280
"1JYtZWS2HiGbx4HzsUdgLFqWnneCpHVbzt",14990
"182LDXx8Psy81dqLLqnAVC4GH2TbpVdefe",24480
"17P9GhyjqHUK5HfLm8eXg8rFMHXGuFdEBP",13760
"1JZCVJBciJnsmmCgf7vNddrkAK4T6wienG",14290
"1HVPXwfxVGqs3b7cZS9JFmUyFFH1Pz31Ri",12130
"1CWkxpK4L1KPtxFcadtKJ5g5BiMRoqBqcq",31750
"1QGkRhxQfhsBotkgPs5RB6dyEA6TM7gQh4",20400
"1MDqe1oXHjWoCca9Bu6YKCPXucdzGiNEGe",10000000
"1K9DcFATb5frYVPS3Ba26ve9iyQCYZ2KM",2000000
"1AZYJCN85VqgpSzynR57HLhdyeuM41K6bR",49225
"17cZBt6p3SAeuyDqBJndxUyYZTN1je9ggT",100630000
"12oz9jShnHPR51qYMN2CkBqoTwb3rgDZWU",576452
"19MPTgWeKTr8poEaiGXA8qob5XnFso5QwD",25000
"1K4xHVVsAHBC8JF4eqRWpNsNR3fzACW55F",4244936
"1G57i9tAzgkRSLaFoUF2LEBz6YGSsPxrSR",113930
"1BwzMzJW8E7gaMma9zT3XnGx9m2sNtijpT",1143000
"1NHQ3KaSzBueGDb523SQBkx6SaFhBoP1fR",200000000
"1CdgqqkbsJqPjkygjro4wj3YAehL3Lz237",1538185341
"16sAiGmezt7gKBdbHDPFggjTz3cwHdUHDA",330000
"1Bet5o5o23jaRB9kKNxqZ5KeBqoSm5Fh56",10000
"1Bet5o5o23jaRB9kKNxqZ5KeBqoSm5Fh56",10000
"1LwRW3UsKpH9oZ4TY4BDZ85eAnr8EpUqEn",5000000
"12vWJ4UAxqp1AemeG4b4h2nthaoK3XFZRF",1950000
"14cNbHxhRKcBqJovuCm11iXAiPNV8Y36QN",686000
"125wxvZCC8C3FSTRRPtWW12wB89Cibzrt1",686000
"14cNbHxhRKcBqJovuCm11iXAiPNV8Y36QN",686000
"14N8o6B1MpfoN3mUvta5YXq4XB4bse4sz7",10000
"1LHE1NwRs4sm2dUiUmz6Xr9pBmUosiRMwa",2875908
"1HSXd4E1CnewbNE1DiRnRZbamgJ3zAyUCt",1102125
"18L1PnV5D9JtoRhdpFCLe4P5YNL8qmwZZw",11126761
"1HDC9jstyyEs9VAgpBX72vzwDxiu9eFzkQ",50453
"1GdnwWsyXu1W3JmXkU8XMLQgroyBkzSUBk",14206
"1EuDrMCS1iwMRycoU3TLdihjfeUoCNJ84Y",13681
"1ENmSFG5dhicadUz2vh47p894HvT88sgKz",42327
"1EicxzZupeFiYLojZBQYwgCmg14e4FBkeW",26082
"1Ed1TmQatWQUN3d2afqj1kyB5WM92gqpj1",13960
"1885EnuUQuVHsX4d6qRKA9vezcHW6u9QoG",40610
"17x1qfuByYLQQSTEqumHoRYjxKWtdpNP1b",14970
"1DRtDyF5hXqUw2jVYUqpDNd9HsK1GUcgr",15331
"1D9t6L9cmFiVC7m269viXnRi12yDrXZzAv",33703
"1CMsGzZUDmzkxz1RbmPtctjZZubwPHBiai",59920
"1BmMwJzuLrN9U3WiUsNE4yukeSYayux5Vg",25594
"1AmkJTm42yBWm5vMMfisUJXfV12qyw3qit",14053
"15tny9rudePtTzWmVrzapqiY4yUnWSzw2U",174968
"15qWxjeYpkroqsmN514AC7dxedRJD7qvNU",16586
"12m6vvaMhc6JRzoKwFgKT93bm2ALYXtKBv",13980
"12jGFCkQyVPPBwcmUNbiiJYmQyx7trAPDw",15634
"1DGGF2XzWqFSBihHMqtmcwsPAs5a1KLAwB",1679088
"1DWCsb1FFnqnFRpHWRD7hoVC6jMNTcQHNf",340000
"1TSxMCL5xJWYAxpva3Z3pLWx7RQMSXwWV",18000000
"144VukhWAcDFvNzc1mnNZNe2knoi764DQH",5000000000
"17W7Qg4tkqVXA9mmVW64SSpFAMacYq1UQr",271800000
"1FeMMBmmnpZvpqrpKdxiYQkubqjwH6Wewm",23843
"14qjGTBs1TEmw36ZuXWxr1briGCqLv3Ngm",5657
"1B3Bt4KxJtD4YkJfXo9EZvZpM4TBYHQNmD",629
"1JqdadgxgxrnbEnfvohxtaSNbHt52kVLtC",11839383
"16unBZ1Ytb6BNE2RouvZ8UVEs7gFJ3YTTH",1315077
"13C5sWt8aip7coXxZNzuWKBCQFCUbV9S6X",28830
"1GqGrzRin25M83ZdEwYgnDR7Z8456XJ5an",298024
"16mG6C5MgiRNTJP3sHAmpm2k5bqmgbnvQn",1100
"12QuNyWLwXcdLPRVnAV1wvDaFteH9in8kB",1000000
"1GViBJWL5eExNb1xsGdRJ1CYkp5yPUaqpm",1000000
"1KCfHk8Z4XEubW3W3mXj3n9rGUJv9pzT3i",1000000
"1GgKgNCTe87LET5c5sf6bG3B4iWw6eaXZ4",1000000
"15hnJYbwpe4XLA5bF9JGcEix6N5ZWEqPub",1000000
"1APkHi7aipoixPMPoM6P5p3m5kRNPAR4TE",1000000
"1E37dS3QcEmvK1b5mjmDPcdPcf24Cj5WrS",6000
"1E9BtGDsAzfmbq7Qc7JCr4qu6QBPjneGCH",6000
"1EXoDusjGwvnjZUyKkxZ4UHEf77z6A5S4P",6000
"1Paymium35iCpZjP6zeiRF1UNxzZY9vbha",100000
"1Gu9txedU37e7uTLJWmBJ3frxiHzK1ph6n",99768
"18cohXkhMihaA41NfgaajX2yqw9qa938np",1320000
"1KBB8y1bhzeefgvPS9LYRAoMWPNs33ws3t",1235831
"1Jj4vkUxpGvczJYGNZG1uToPL3dNqjtQJU",25850
"1FxaHkw7TRzKRu8EaFkUXNPV7d4JiDTLrL",10046166
"1ALKzt6HfmqJpHVDw1nBpJYXbdt5PsPDhn",90000
"14cNbHxhRKcBqJovuCm11iXAiPNV8Y36QN",686000
"1AB3EEDghnGZeQFEfRpPVZrgjGX8baqk47",2900000000
"1AikcmG53WV4AUAbLCdpxH1J6ojAQhevNB",107784949
"16GJmZukEeCzQioUhKc4VFvQDcGp8mw4uD",103074149
"1HqBTu9oTfAE59wD4dck7PtirsEte9aGh4",1020582
"129YPuQAKdtSzsdvrMjeKTdcRKWNiPymFz",1107425
"1GK2Fk3LZX5SSuWvEMbrAwQDf9TCne6ceK",1071596
"1MchKum3qb1rsXdFfetUyMxHdhefquNfWc",1008134
"1Q9zhPEKhgi4U7uCt1o2Ao3oQ4YXFSzL2v",1091265
"1CtExFP9tEfbmJPBjUkBQ1RFoVaMXBnKxD",2172888
"14ScLJmT5U4dVaLZb9h5zDAGdjFCMqtBQZ",14940
"17FGe4Cewu6zCRRHNib3QDXLXtJoPDAn2E",25149998
"12tgB1wQrXn63zP5sZs6E7Q8NpFLhWvjKj",36151165
"16gVvsgmgJRZQUrotXB6i3h7Kf3hK9ejRK",1000000
"14udMrUbmFu3zRpBddXAyMtgHcano7AEJ9",1976450
"12tgB1wQrXn63zP5sZs6E7Q8NpFLhWvjKj",4000000
"1CuuZPrXJA8nBCvCM8Q4piMUVJSBiYTb3z",102860000
"1GHqve2zPdEspriQjTqaebSTPViF8u9B7x",16400
"19FcW9KH9pXA3Y9iVqPBucXnGa8XyHyPQN",15200
"16S2sWPWLHkahHCpamhVUxGusQzou69fEr",11520
"146EStjK8DosSFJJ17K63sa5o5cBgicf9C",12320
"1Ax9mv4vQbJmad3XLmXW9LvPoEM2Mzxmxa",13840
"122AXeLto7TXq5vhy2hRM2WhRyKvSFXVrA",19200
"1DmZLuCvNaDKcAZP77N8kddphULE4rBN2C",15600
"1MFQfeuk6zUR9wBKTKHjp9RsDeXrKa3Nje",28480
"15vSp98iiu7F5ycqtbEEXZN6w7zyxpQikE",20400
"18Q5U1upjgc2iEEW8fApZUePUrCaUAFDNv",23040
"1EpNcpNDeXPAX7aj2jVUEHZn9XgCVeFB2p",11920
"1FZzdUjGPNBvmqWLRoVvBxjcQKmVBq9ZTD",10530
"1Cu6X3c716CCKU3Bi2jfHv8kZ2QCor8uXm",11840
"1AaEsRKXfhssJ99uzDB3PEM1E9JDi6qV7k",13440
"1Ajjp8YcKjQndtmaA39MQFfiWYVuStXuJi",12400
"1Jg6ioHWF2tWpBujxYniAa5fBJFs8dzSaP",22800
"1439jG2PJPU8oqVkghduFsiYfvLBJBNbT9",26400
"1MUJvdou7Nmm8nVX1GTVoxYkGqikpX4cYu",15040
"1CVkFq4B73o8BDBs3XrSeDEpqZkDvJ3Fio",10080
"19PVQcD5RBmVZMEwcz5QxEQPeWxX6M7Khm",28640
"12GBSu7dwrD39Nry96KwNtVyd3Hu9UvSaQ",23440
"16kBgsm5g9QzUvQCw3zH1RSMjdHnP6KiN",18000
"13qEzv69pP8BZMmDUwcVYeyJqBKgQ9mAA2",13920
"1DhSC1e1FtGNcFPWAYk2QhLDKQv52NsrQN",12240
"1EoP9bv8Ma8hxxefAgdT4UynhHiVZWLLNT",19440
"16vcNhWRQYR89CsTEtQ1yR1X3T2ep8mZaf",29440
"1JENPBicWqhaCKC5CMpNAvEGCZd93BEdGN",14800
"1KbEKhFFrnWya1LJgM8Tmg2qkciwTZ88q",16160
"16yPcadKfAFgPBWePd5CcHNgYNwpN7HFkQ",12160
"1Jsgmd852u3hBoXWv4cjagKvT5eCp5ss51",21120
"16jkXWZ4XpTFRXdd4c3yZTR67LLxy5CJ14",15360
"1BbFn5eRAH8F4K3ufaiQqkw4E82gFkZpWT",40000
"1F5yGBRaEAgjRhQwvBwAiz9qcJvifwjJp2",1970000
"18DPFAHRFBvpoAns6aD3vzmKZaNkjBDZ4y",258053
"17X8ZksHU2mGJyrN31Z1c2Ryj3VHYYGzqx",247644
"16jJEzuojxLG4WW9GkiXHXTu4xHb81gSH",4950000
"174ep9LHk2KzKaQGokibu6a7TPXffJ2hPe",13630609
"1JEh2ph9KdkibaF7zLGfi92BwyNwbmDk1Y",17980000
"1D38hB8rbF9quw3sQsUD3qJqiBaq9SAtCF",104436
"1NJyYwMj8qnc4ZcLMbAksJKeR8B1qZt58A",23843
"17CKkx553KNSHSmarGgy7UQ1hW8S4BqJ5c",23843
"1M2HnnRathBe3kcjhk22jaQRwQNEajLXi1",1000000000
"1FKr8nHCKBJWRDJm2nZhND71BjTAV6v9KY",50000
"16Q8NC7dsUHxtwvbNNFCtcNf43CxWLdrFT",5020400
"18cN8Rc5mh6cycjFdyiSsSsZTvvk7LyuJe",1000000000
"15yMnUEq5Hh7YpXVw9WdxMBmxHPs87NRRX",415452
"15cWbtsiVVsBamgfwX3VCGLWrUCesCe4KS",5000000000
"1LxfQWGMbuejJX2KU7QtfLeNHGd52qjc6E",4040
"1B79kBEtxqRV58HnAZuSnkFSw54RKbPTcE",1000000
"1LQreHxwjF7jQqnyUsf4VtpD5uTBF32hys",3294000
"19Zcy6UdJNPQHNuHakySE6pRRDzYrPcbC8",50000000
"1ASHkTHovP8XMcMDZJYQjp7JjRn12zsncA",700000
"15543edrwUUfff2ppbFVe8gChVAdhRfBPB",5000000
"15z5TYo84tpjfXJBRKSUxT2e1zLFvtVdJc",5334196
"15icZgtX8T6GcovfwwgQm8mkwNaGT3L2Rp",25000000
"1HmAZLpdzSPAadsNSFffNf67VYJzvHagM4",10000000
"1M5EBQ7GYAxSddwckoWYwYJYnNdmzyboum",1000000
"1FyXiWqac7x4GomQn7yDqZnvEwnBdvBZgr",34750000
"1H6kNAoCyyKAktjutex6kwxP7dUGejPdit",1100106
"1MiDg5aFKhS7bVhyu9dJktyY6a26k4gTqp",44723
"12Sz1yjHkbM4QXFbd32staHs3czgYTF64e",1334
"1B2o6mRF8n9aEbUKjBFYAw9t5vc1wsewoM",20480
"13TEucxQKNi2AyLQYA48upBiAzz4VPJCn2",10720
"1AmkJTm42yBWm5vMMfisUJXfV12qyw3qit",14480
"17r1ZgmZMBxRXN9niEdack2yXdEPDkjXp6",11520
"1L3jdac87QJVeM5Wgvw57HmaDKvbKdt745",15520
"1CT1XygzkSpH3jjVgoTV3NdzNn3NdWvu23",12160
"1MCnL2cbQSAYkT2twqjjZhk1jTNcxvLP7r",25520
"1Bneco1DV5YBgGvKqABvC2VJ4943RTEafH",13200
"13EjSyHa7C5h6rieVNEbT617X1u5uz7RCj",24560
"1NWkresdTFKbNucjRXBE6dWA8t4aUyT47Q",14000
"17JAMvfVpuDcEz1ynCVDFoHvnNLLSSDUe9",15520
"17QxKKQsJMsFbRXDhEYF1LLf1hnL7cbDP8",37550
"13QAgctE6m9v4b2f51RanuNSJMXXwtTazv",18000
"1ELKe5yxnRWB7NA81JZKJjq3A4q9QiQE4X",16960
"14G5PTvSAwbKwwzfV1Bcamk1q9brdFohzx",11410
"15KWdBPAJ73eRwew3SMAP4Gd2jjB1s1cVb",32040
"1Mvdef7zkBBXX46F4NAPba2pr1HaVTyHV4",28320
"1PZRXHBjGGY3Zx4R3j9vJWZZkPew3KA8BV",20480
"13d2PWJuwDdRxYUFaZ13qRubFgx1B6vBUN",14720
"18yCUeHbiLfy7Vz3DUjTPE35mrhHwWmB3J",15440
"1DUCLuzSMgo5K4rnMtGmrpEMovBpHFCUtv",13120
"17b8Zf642qC8LNJ891Memd5woMHLv9b7gP",25440
"1eL4zSnWi2gTWq8QgUHLTjbWE5ByPqsax",24400
"1Ci2TCJoTfpENdD3ZQx7vndB6eXTXLp2dW",16043
"16wmrom1Wtdnu7mxDFSPZ6qV96j8Rq9LSH",27940
"13kv8WyzCXZVQckMMA5KiR5Q1VSfScjUHs",1957000
"1DRtDyF5hXqUw2jVYUqpDNd9HsK1GUcgr",17268
"12PAcwisBJYWH6EDMMyBtZqpNKty3RSV9o",17746
"16wmrom1Wtdnu7mxDFSPZ6qV96j8Rq9LSH",24556
"1LtvYj3j5o144eoCRrUJmuNMnDP3xTuH4b",90000
"1J3w4x7WkV5L61u7GrQpFM1NNWRgCjkZZH",1000000000
"12MjwzhChDQSh3ewfeYB8iuGezSy1RFhbA",990000
"13kVDNoNWh19jTqQ4Ga3KerhpXVdV2Y9XC",8
"18cwQ6G6SEn18vBqAppNWx4BhVWnnNezSK",14
"1LqAiuTSK2KjXtibL8iZA4DEQhGL4MjjX3",11
"1FTx3Jj17w6SPtj1Rub6t5xRqGqkcCvNNj",5
"12ywCktz2St6bmpYEVXFTj9yRANqUPG6Yz",1209
"1Awy4Y9sUiTbGNrvrJKLtQ5hW2WBMfahCf",9
"1B17Zh95h5eZ9VTNag9e89qabbshUiByLr",1204
"1FdcBichMwFx6C3zjWqgC96j6FTeFocj9L",903
"19yjxjcfc2DGRtGEzwVkmPkDiBZ4EGC6Wv",8
"1LFVuyHB6p6uixugB7PUxUvr78sxC62nA8",404
"1LZuhVRCoJetB88x814QWqUcSogPcoT6y2",417
"1GvPYNfMNGwaoN1b1SZy6JK4Zm72ZkK6HN",313
"1Q1ub4f2J2ST2obvyA9cgnfgCf8E1vGxDE",14
"195RK2kUTiNGspe9k9KdVoK4ES3gNuos4G",1200
"1M9fdXKirajPHcPXTAJk7qnSy4hNJhGetY",4
"12AAmF7HZSPVhYdrq7tUFNLUNYRTof2RMm",6
"12kctHqrb7MG49VWAsqxHmwJkvVmBJuaJF",125855
"12Kn7FbyJAu57txt11Yo28PUUrc8BxDZzj",17003111
"1Esb7qfqsuYZGUQHLfj5VFyd7dSw8SD7cC",24498680
"1K8KubXnytxPaa6rjheJtm7o5oSezWCTWd",47668526
"1Mjf6edHcFFhwnv9b1ZN9TuxvG5bT8Hy4i",74205
"1E18MaYzFSpYMHG4LipCNLE721cMsTkPCD",950000
"1MQwwQ9oCTVPLbA6m8Qnx65Hqu8wm9iayC",50000
"164G95GxojJRs1JFxdRQZu4VUzYWMtkRB9",1230000
"133LHqb6gsacd9QUyQWoGmMWo7E7zUBcBd",536347468
"13WGAPNQ9xXXqo69yzeAgWURQKXKao9nH4",762000
"1AU82RmV5TGZzj1VkeqYbwX2KyJGq8oeQg",4637986
"19L8QDFycogmkFfPQbbqF4PrqWVLevxGhr",60042789
"1PbKM4MVPLT2PCYTGc42sN3b2Y8TVnG1w3",100000
"16Fwq11GMYAex547Pt2VBR5vf4yU5PgGaG",26000000
"1JMKZGpojpB1dmh9q7FafemhPufdDM5RWQ",5950000
"13kVDNoNWh19jTqQ4Ga3KerhpXVdV2Y9XC",8
"18cwQ6G6SEn18vBqAppNWx4BhVWnnNezSK",14
"1LqAiuTSK2KjXtibL8iZA4DEQhGL4MjjX3",11
"1FTx3Jj17w6SPtj1Rub6t5xRqGqkcCvNNj",5
"12ywCktz2St6bmpYEVXFTj9yRANqUPG6Yz",1209
"1Awy4Y9sUiTbGNrvrJKLtQ5hW2WBMfahCf",9
"1FdcBichMwFx6C3zjWqgC96j6FTeFocj9L",903
"19yjxjcfc2DGRtGEzwVkmPkDiBZ4EGC6Wv",8
"1LFVuyHB6p6uixugB7PUxUvr78sxC62nA8",404
"1LZuhVRCoJetB88x814QWqUcSogPcoT6y2",417
"1GvPYNfMNGwaoN1b1SZy6JK4Zm72ZkK6HN",313
"1Q1ub4f2J2ST2obvyA9cgnfgCf8E1vGxDE",14
"195RK2kUTiNGspe9k9KdVoK4ES3gNuos4G",1200
"1M9fdXKirajPHcPXTAJk7qnSy4hNJhGetY",4
"12AAmF7HZSPVhYdrq7tUFNLUNYRTof2RMm",6
"14RFL7GDNom9Mxpw9VfF9GKZufdwAmjfQE",103866
"15PN4n6x1Vza8Axic1FFFygJqQd8PddSa4",72150000
"14nMFNkqerNeTfZ7qFyZDwVH5rmjFUdJQ8",100000
"1KBFJww39SbE1KmFJvJ18jMtYiPc2zeuMK",47895
"153FDTp5DhhwwLt6mW1M4cAovLLmrwvXfy",790000
"18cHuGGAW7N3B3tGtz2MDheehSM2oDiNhD",13341
"1MxZmNSnspm2Ya5upvFvW9vQsyr8W76GWf",180000
"17CLhHDk7zRrC8naKaovHvp4qcZ9Q9U1Tm",1000000
"1GgKgNCTe87LET5c5sf6bG3B4iWw6eaXZ4",1000000
"1FCyGyr9KkWpAZJ27EQQiiwN2624dnAy9X",113950000
"1dERVN8YwroRnFogG8Z887FWkPvBeZAuH",8194791
"17GqigpJE9x6RVnQV6SMZVu9JGUV3StzBP",1008658
"139HE4rHLSDvtqKwQMzsJkEhkgrVoM4tgF",1011516
"1MMzrh9S9bSkcU42kpsRhe16hUcpDe5NYb",1551001
"1CC6HhvH1NmNQoDa8uq1HkGkZHdY5C8Hic",1004089
"17QfkfGZux5FTcVJGDQQLdfjoahP13Tozj",1137841
"14gaCESycoDLby4tjUWRCVUbEkE7oF9RC3",25248
"1MFcMUrQvZeW9pFTNpsgt8meSQGsP2UMg3",12557
"1GcmSyB3kH5iC4MAerAAoVscEA8jERdSZh",310000
"1MN4qXhM7Xf2nB89VqU6KTCmc8Ha3azBSC",17217
"1F2ukqoaCht4FR8veJdFuoSNyZ4JbcMRnu",13449800
"18itLHmsUJ8S7FWWVqfEgsGH88ALMwuq6o",480000
"182XAg9HujeYwDdg9ZNU2JBjQr9bacdLzu",100000000
"1LfmGCV3YyfbYnDegSpXrotoZwUFgjS9qb",30000
"19Dmwm8NPFYj5vLrTf5PhKbH6cFM6Cn1za",40000
"13kVDNoNWh19jTqQ4Ga3KerhpXVdV2Y9XC",8
"18cwQ6G6SEn18vBqAppNWx4BhVWnnNezSK",14
"1LqAiuTSK2KjXtibL8iZA4DEQhGL4MjjX3",11
"1FTx3Jj17w6SPtj1Rub6t5xRqGqkcCvNNj",5
"12ywCktz2St6bmpYEVXFTj9yRANqUPG6Yz",1209
"1Awy4Y9sUiTbGNrvrJKLtQ5hW2WBMfahCf",9
"1B17Zh95h5eZ9VTNag9e89qabbshUiByLr",1204
"1FdcBichMwFx6C3zjWqgC96j6FTeFocj9L",903
"19yjxjcfc2DGRtGEzwVkmPkDiBZ4EGC6Wv",8
"1LFVuyHB6p6uixugB7PUxUvr78sxC62nA8",404
"1LZuhVRCoJetB88x814QWqUcSogPcoT6y2",417
"1GvPYNfMNGwaoN1b1SZy6JK4Zm72ZkK6HN",313
"1Q1ub4f2J2ST2obvyA9cgnfgCf8E1vGxDE",14
"195RK2kUTiNGspe9k9KdVoK4ES3gNuos4G",1200
"1M9fdXKirajPHcPXTAJk7qnSy4hNJhGetY",4
"12AAmF7HZSPVhYdrq7tUFNLUNYRTof2RMm",6
"13kVDNoNWh19jTqQ4Ga3KerhpXVdV2Y9XC",8
"18cwQ6G6SEn18vBqAppNWx4BhVWnnNezSK",14
"1LqAiuTSK2KjXtibL8iZA4DEQhGL4MjjX3",11
"1FTx3Jj17w6SPtj1Rub6t5xRqGqkcCvNNj",5
"12ywCktz2St6bmpYEVXFTj9yRANqUPG6Yz",1209
"1Awy4Y9sUiTbGNrvrJKLtQ5hW2WBMfahCf",9
"1FdcBichMwFx6C3zjWqgC96j6FTeFocj9L",903
"19yjxjcfc2DGRtGEzwVkmPkDiBZ4EGC6Wv",8
"1LFVuyHB6p6uixugB7PUxUvr78sxC62nA8",404
"1LZuhVRCoJetB88x814QWqUcSogPcoT6y2",417
"1GvPYNfMNGwaoN1b1SZy6JK4Zm72ZkK6HN",313
"1Q1ub4f2J2ST2obvyA9cgnfgCf8E1vGxDE",14
"195RK2kUTiNGspe9k9KdVoK4ES3gNuos4G",1200
"1M9fdXKirajPHcPXTAJk7qnSy4hNJhGetY",4
"12AAmF7HZSPVhYdrq7tUFNLUNYRTof2RMm",6
"13kVDNoNWh19jTqQ4Ga3KerhpXVdV2Y9XC",8
"18cwQ6G6SEn18vBqAppNWx4BhVWnnNezSK",14
"1LqAiuTSK2KjXtibL8iZA4DEQhGL4MjjX3",11
"1FTx3Jj17w6SPtj1Rub6t5xRqGqkcCvNNj",5
"1A7LBhDFZPd1RMVz4osoTccxsPGgFTqLQp",4
"12ywCktz2St6bmpYEVXFTj9yRANqUPG6Yz",1209
"1Awy4Y9sUiTbGNrvrJKLtQ5hW2WBMfahCf",9
"1B17Zh95h5eZ9VTNag9e89qabbshUiByLr",1204
"1FdcBichMwFx6C3zjWqgC96j6FTeFocj9L",903
"19yjxjcfc2DGRtGEzwVkmPkDiBZ4EGC6Wv",8
"1LFVuyHB6p6uixugB7PUxUvr78sxC62nA8",404
"1LZuhVRCoJetB88x814QWqUcSogPcoT6y2",417
"1GvPYNfMNGwaoN1b1SZy6JK4Zm72ZkK6HN",313
"1Q1ub4f2J2ST2obvyA9cgnfgCf8E1vGxDE",14
"195RK2kUTiNGspe9k9KdVoK4ES3gNuos4G",1200
"1M9fdXKirajPHcPXTAJk7qnSy4hNJhGetY",4
"12AAmF7HZSPVhYdrq7tUFNLUNYRTof2RMm",6
"13kVDNoNWh19jTqQ4Ga3KerhpXVdV2Y9XC",8
"18cwQ6G6SEn18vBqAppNWx4BhVWnnNezSK",14
"1LqAiuTSK2KjXtibL8iZA4DEQhGL4MjjX3",11
"1FTx3Jj17w6SPtj1Rub6t5xRqGqkcCvNNj",5
"1A7LBhDFZPd1RMVz4osoTccxsPGgFTqLQp",4
"12ywCktz2St6bmpYEVXFTj9yRANqUPG6Yz",1209
"1Awy4Y9sUiTbGNrvrJKLtQ5hW2WBMfahCf",9
"1B17Zh95h5eZ9VTNag9e89qabbshUiByLr",1204
"1FdcBichMwFx6C3zjWqgC96j6FTeFocj9L",903
"19yjxjcfc2DGRtGEzwVkmPkDiBZ4EGC6Wv",8
"1LFVuyHB6p6uixugB7PUxUvr78sxC62nA8",404
"1LZuhVRCoJetB88x814QWqUcSogPcoT6y2",417
"1GvPYNfMNGwaoN1b1SZy6JK4Zm72ZkK6HN",313
"1Q1ub4f2J2ST2obvyA9cgnfgCf8E1vGxDE",14
"195RK2kUTiNGspe9k9KdVoK4ES3gNuos4G",1200
"1M9fdXKirajPHcPXTAJk7qnSy4hNJhGetY",4
"12AAmF7HZSPVhYdrq7tUFNLUNYRTof2RMm",6
"1Gj3YwHU2ZaFjbmUdG6uz2aJijxk9wTJZN",437820000
"1AXKxZx6Ae3pEo8igqvuUNgQNP13YgH7i",4347100
"1Hgs8Eu4iCwb7Do7cWmLTfMeeHarmxC7Z",84851
"1CFwWNR8FFQSftA6JNMQPdE8gDgtJjHftk",57140000
"1E7a5NYUUwr9Rxj8pMhSUSytPW3L3HKCy4",500000000
"19rQqjrziwXZMMMaCWvEbk8gnZJWxZqLnm",1106839
"1zzMiqZdyp7G417GCMsrH91uvAhp3qLxD",16960
"1Au5tRoTNYfCimRJ84uqorqbTbrMgzH7ZM",19250
"173XLibDK55gyWe1r36p9hokWhQetAmJiq",11760
"1HQk4QzZq7FtwJFTFyKgQjr1Umi7BzMsWd",12960
"1XgazMfYmhqYGgqSiyv4SD2meCXe3vXoB",16710
"15hhwhxfVN55E4eMJHhXyG2U2c28W6nqHv",16160
"1Ba6P9QTTE1NZbfMeyDdUFBwr4vSEZfS5p",18800
"15omwDq2zqJ2Xsc2mRB8Fg8pN1Av2bppnv",11520
"1KEwz2z83vJgTikVeP6viUEkjoLWM9tqrF",12160
"18nZ9p7RUCtSMoNEEYLzRB2qid4vjCq5ib",14230
"1AaEsRKXfhssJ99uzDB3PEM1E9JDi6qV7k",20560
"14jLUSsSqkpRhKJykmA2mWHuxpvkW3kzTT",13680
"14KfxwD9XT5HrSqGQ6AeEeojFnpwLBWHDw",17120
"17GBfa4PcXhwphEEtK6jdvSe32cvM4wvbr",16160
"1JjDP5EwbbPgmSXLyByZ1towuQi5v7Qc1J",21840
"1ATKeMET4NRoxMJEiYXEdEUwBccRZWKBTS",10520
"1HKLu5LGb7MpZ1w1ZXKpXgXM7yWqd8HNGB",17120
"1EpNcpNDeXPAX7aj2jVUEHZn9XgCVeFB2p",15520
"1EGgmzcr7KKpasNAPUPkHT6UkNS7d9iiPA",21770
"1P5WoH2FaEjoA6Umpu52J3YT7xRYticb15",10560
"15i3euq2vVPbAmzbYaUrhVS1kRkHRdKb9x",25200
"1QG57WWWwKLVJbLYqVnCi2EK3UMsDFf78j",17120
"1LFHat2C7RwmixYbPXpXFc4NoreSzKL8Sc",12880
"1KoCavVBxBP6tuLCjzakAcpkr11pbfmfxF",20880
"18DHyohbubwcjYKMVkNukjiLCtUnYpY1Bm",890005
"13CoajWmTunGxarCeWbAyGHhjZrdbMUUNU",800000
"173NtzFSZiCiNmduBDy66gU2vZiXjVbiiP",100000000
"13Dge9gt49Pv2vbvQnHLKqBaQhRCDpgtpp",162025000
"15FLibr3oxGtuCJwnRjCpkbpXAnCPS1v2L",2004257
"1Kkzu2vL9K8FsPqrv2szWxqMEAc36e231p",107500000
"13CoajWmTunGxarCeWbAyGHhjZrdbMUUNU",8720000
"1H4m9cJJghpcsH6ZkVToSvanXH187nCRMB",1344529
"13LQ4mdejWxLkKLPtLW7H7uTqUF2pMuk6E",500000000
"14NMe9UXWbUcqrNQiJK89sGcyQ251Rzygu",3900000
"12d98MFoMNdX9KzTRxNA6paFGPrbRfM919",940000
"1HgFUTRGftDSB11tYdv62FnFp6HNB1ZB2N",27265
"18gBcEZXUKwJ8YSH5e4S5saa4qrgRjtCi",111247
"1Czha5jzcKvuovvkfozL8SSxJRFtENoxH",189573
"18gJhCXGWUD8MpiCvG5rbr5qava857Lgpr",681221
"12P1pn2r3AeSpzac2cjPiDBCuvgus4gnjf",777141
"1D5qBArsq29qASazA9wNqr235s8s4A8hQx",800609
"17ha1BYhDmear4WqThae681HzzHPT17SSn",834595
"1H9CnreMwazFJVi15FmzPvvf3tbyFiLcAk",842135
"1LR4nLbfqX4nVaaeM6LrRWofesmJBRNtnc",928767
"1CfpFnffcA54FYFjShQpmgdcrbFs98FBxE",1045095
"1PDgjxWin9dtSoguMouPNsy7dLzLYmRcHb",1194617
"19LSHErBbSp8E8hA22FsNvq4MvVyTSmwGw",2122482
"12TeDqkdNWXYafpghVAdK4DTnec5KGtXRv",2337926
"1N3epG5dUMp2fjeoX3vZW6U6ECPYQkGtcr",40084
"1br5atrC7J4DDvFYDetJ9JCmppEEQEUEC",44000
"15BnQ9B7xKu45WJMUHh1KULE5wFysQZWZu",40000
"1D2WoS5mRCUgAckKZrUemiJ4GfWzTXCrTe",59850000
"1KLN7Du9eBJVR8opAZA6DwB9mWExWdJWpX",1060000
"1eq4uWnNg2MVnMSSLcVQZ9ApK6qbeBpT7",23755728
"12yqLsUvrULLvejhJMWnTcEQ7xhHCoSEGC",100000000
"114ieCVMrHEXz4NRw1mjdUTd6GqQXDjgD6",1000090
"19fwpaZfJNzZaj2xzazcpw2L5pJBjQFxV4",2829713
"1HX81Yia2nDAQJWoewP58n6ChzvB5LbvCu",124159
"18LF7tCFvQ4KN9rKbPvnZkVkfbEuw5ZvCr",19842
"1DtUTocBBCnGe8STMGHVrrmTnEir27rH7q",490000
"16nrQUTp9WAbVipkCoK6C35w6YyagXK9jg",12000
"13YpXk3pm6nMzivXL3YcGxWfNSxjAUnBb8",16320
"19MKruVUnXmXq4UnMFxftPwFH7nyqXe7cM",12160
"17ggLKi753zoWQs1Ak3w1VW1kEYPGPDUvd",12800
"1Q8kBcsxeiprVWUhbEMP6WgyWxzrziaktg",24000
"1Jaxd8knTEapr5E7crVMH2svzFF9puC6vf",14560
"1NTP8ZQenwzBCny22jicT57q2xDkwd3ygn",14030
"13DqcQciZhDPkzMhvvGN7KEmfZpYAvUFQ4",10500
"19ASzqqbM8TPb1Zysi5XjEjdSB4KYReCH9",10340
"1NkPpiPaDjtDd7yAKJcJuWYZ43nYa5av13",18160
"12gKF91maEJUDs1WRTXWAptvnFhGm5JFhC",10214
"1H5oCNsujTBuDFqwsYDnW7RwAG53AkhPXp",26000
"1AmkJTm42yBWm5vMMfisUJXfV12qyw3qit",22080
"1EgDmX37jps2HDFxRqQLiDJu6Wx8L6cejV",20640
"17r1ZgmZMBxRXN9niEdack2yXdEPDkjXp6",18240
"1PQ85aR9wqzcfTV2BcBABzLBK2nvNfNmER",18240
"146EStjK8DosSFJJ17K63sa5o5cBgicf9C",21030
"16ZP53Casdgq1r25wmsrhzxecT8jxnSTAn",12640
"166hpQdeuaP67uAyGJQaVx3bsL3Myz8bxw",11920
"1CiWMSLG2diXYT2ndVpC7AwE7vZpCLVJdw",11840
"12Xdg1ym8i5qsU9Bx6bxUtJumxrEiJWn5i",6768437
"17gM3VWHjjjFGkUabE9ikSEbw2oX5CqF2c",49210
"1H1iGzWUqUqERTjTc64KrfD2KTNByCS24i",2000000
"1Q7NWgeuCYpsXjBzMz3psUAgdXw8BbWvNH",9850000
"1JRuRnaR1HkJdHcevBgUGcXgjcwaGSPhVW",525000
"1BT4MtJYLt1KcVS28djtQNTPFUXLY62a5z",150000
"1DVAQ4xTQaK5JHPTnWEHovs7strk9uDcXq",5008759
"1JAVgVnrTLimkJmUUrbnhzD9dEHSozTVHE",30000
"14tgBQQHq5PQ1CFZ1reFCFLQpNunD4GtfM",23462
"1LCXDix7zRxp8vMVoWuf9kvnwhW7ieZvNG",5760
"1P7VYcnSCFZLPuYWJyhEZTY9BB7qxYVyZW",1000000
"162R9zoexGvjPm27i8f6NV43tiZczj2x2u",1000000
"1Pt8RsqV11piX5JYJn9x2KcjhQHQ33DUaq",349589
"1QKDYPaBnKJF5znJRjBoXW97xKJc9Q1GoW",302400
"1BexqK7QTmhWMyrAKoA3Aej3cvon1FWtcz",1054013
"1CXAP7gN5khPKRv32B5n1d7KQjp8JKNEYh",60000
"1PGAQv3Z5dhjDoh1P4TiowWnEuhbkzCD2g",19300000
"148oKAgEspAajyPhcMQP2fjWKYkAvH9dAw",100000
"1Bh4A264BrvRiTuKhBo3kDVdnUpCGXXQ1x",410000
"1DZu5NSJMJKi5sueWapUJwJbEYMyR8K8Ny",50000
"1DZu5NSJMJKi5sueWapUJwJbEYMyR8K8Ny",50000
"1KLBuB7GWbivGZBVJGDxVWQvK1hxib24cr",1
"1DZu5NSJMJKi5sueWapUJwJbEYMyR8K8Ny",250000
"1DZu5NSJMJKi5sueWapUJwJbEYMyR8K8Ny",250000
"1Atav3LqXDrvRAfaRgKxaerp8gpm2imH99",4475000
"1KKhHFjERpq7fPYRDp66FdD6Bk1fRfXkMi",100000000
"1A7BqAdeFXeKZAsCymLh8HDjfiXRr7m6YQ",10000000
"12Xdg1ym8i5qsU9Bx6bxUtJumxrEiJWn5i",8176775
"12Xdg1ym8i5qsU9Bx6bxUtJumxrEiJWn5i",6768437
"1PfjaJwX49rPHjrRcrdTGk51gPdURCQTXT",520649
"18Ccd1UjVXShP1UbmuPNnk5zRga9RhbzkR",3063936
"17jhahjncJZVVUDEmmNXDsc1UkoNPFHWid",78898
"1GXC6QnUaCydmVB73PFumbYqwS1sDKQfLw",4546475
"1777NTfhSGsFSGdD27NJBnEGzHfwdtjbjZ",35060150
"1Jk5a1377JjQ8y43zRu8JCe2hSjQx6TPaf",10000000000
"1B7Rgnpda5Ji4vo51XfeMYvMNmqfCpmK1Z",10000
"13KDPstTLWBybbNTq483c6aZ7SxcWxUY7G",10000
"1PdzWKuVRVNoCS9c3GJfRXi79QbNvbGePi",14020336
"1PK5KU4TEL59L6s4fh8NkQ5xZTEiC6DGK",4478489
"1JQJeYLnrjNNkuREaPKEst3GVv5zFuj2Zx",21729866
"1EUcGteg65p5uLxQm8MSoKWUiCTBrwRZAi",1923667
"1CxionePd2EX56VWgXy2sbg85je8vpKqKK",190000
"1A3hJvVhX7kF2Wtzq2HzMc1La1JJBiNdiy",50226389
"1P9o98VS5PNpo9BJ7h467vS287TszwuLMD",1000000
"12Z2nKnXd6WhVHFqDYnhwKvmQxAqR3oAQ6",1000000
"19TW2xeUdGsuUFAUekZTE63G72ow4c4qDd",1000000
"1HkoagvJgHn29kfFCg9toMN1WCsYganT1v",1000000
"1GgKgNCTe87LET5c5sf6bG3B4iWw6eaXZ4",1000000
"1M7KnpVyWpP991iaSRWa4hABnfrZKBLEyS",105198
"1BKUme8kkCVdMGqzQRR9krXWhcAbj9hCaN",1000000
"12Xdg1ym8i5qsU9Bx6bxUtJumxrEiJWn5i",6768437
"1ACoD6ToNresmeV5BEC88Rmd4HpFSWop81",149980000
"18vZiYEJDjmehQhjb1ZgWzU7uxavCYrw7w",998302
"13kVDNoNWh19jTqQ4Ga3KerhpXVdV2Y9XC",8
"18cwQ6G6SEn18vBqAppNWx4BhVWnnNezSK",14
"1LqAiuTSK2KjXtibL8iZA4DEQhGL4MjjX3",11
"1FTx3Jj17w6SPtj1Rub6t5xRqGqkcCvNNj",5
"12ywCktz2St6bmpYEVXFTj9yRANqUPG6Yz",1209
"1Awy4Y9sUiTbGNrvrJKLtQ5hW2WBMfahCf",9
"1FdcBichMwFx6C3zjWqgC96j6FTeFocj9L",903
"19yjxjcfc2DGRtGEzwVkmPkDiBZ4EGC6Wv",8
"1LFVuyHB6p6uixugB7PUxUvr78sxC62nA8",404
"1LZuhVRCoJetB88x814QWqUcSogPcoT6y2",417
"1GvPYNfMNGwaoN1b1SZy6JK4Zm72ZkK6HN",313
"1Q1ub4f2J2ST2obvyA9cgnfgCf8E1vGxDE",14
"195RK2kUTiNGspe9k9KdVoK4ES3gNuos4G",1200
"1M9fdXKirajPHcPXTAJk7qnSy4hNJhGetY",4
"12AAmF7HZSPVhYdrq7tUFNLUNYRTof2RMm",6
"13kVDNoNWh19jTqQ4Ga3KerhpXVdV2Y9XC",8
"18cwQ6G6SEn18vBqAppNWx4BhVWnnNezSK",14
"1LqAiuTSK2KjXtibL8iZA4DEQhGL4MjjX3",11
"1FTx3Jj17w6SPtj1Rub6t5xRqGqkcCvNNj",5
"1A7LBhDFZPd1RMVz4osoTccxsPGgFTqLQp",4
"12ywCktz2St6bmpYEVXFTj9yRANqUPG6Yz",1209
"1Awy4Y9sUiTbGNrvrJKLtQ5hW2WBMfahCf",9
"1FdcBichMwFx6C3zjWqgC96j6FTeFocj9L",903
"19yjxjcfc2DGRtGEzwVkmPkDiBZ4EGC6Wv",8
"1LFVuyHB6p6uixugB7PUxUvr78sxC62nA8",404
"1LZuhVRCoJetB88x814QWqUcSogPcoT6y2",417
"1GvPYNfMNGwaoN1b1SZy6JK4Zm72ZkK6HN",313
"1Q1ub4f2J2ST2obvyA9cgnfgCf8E1vGxDE",14
"195RK2kUTiNGspe9k9KdVoK4ES3gNuos4G",1200
"1M9fdXKirajPHcPXTAJk7qnSy4hNJhGetY",4
"12AAmF7HZSPVhYdrq7tUFNLUNYRTof2RMm",6
"1F9tsVN3eNFkWZ9rUGxiVTR8i6CqLLFrSK",200000
"13MrnL8Fjdyt91eV1B3gjgXRVLTjQZWdC8",50000
"13MrnL8Fjdyt91eV1B3gjgXRVLTjQZWdC8",15000
"13MrnL8Fjdyt91eV1B3gjgXRVLTjQZWdC8",50000
"13MrnL8Fjdyt91eV1B3gjgXRVLTjQZWdC8",50000
"18XackkVgGqeh9B89QumxUYt2sgc7ud13y",648467
"15DivvrLQUX4eCy2j5Dc8tbJdZwgeWJgVY",1000000
"13MrnL8Fjdyt91eV1B3gjgXRVLTjQZWdC8",50000
"16E7YyY5sTCz2vrGDV6CzBYKWDoboe3i9a",11520
"1dmtWDuhcsdtxfjeq4yoMcsVohw4ijaBn",11600
"18xzxjHdWwDXaYE2nSrNKZpcn842DprM9y",13120
"1KLZG1KAhSmXx2W2k675WsXCnjXc9tGAwN",20640
"172iGd6WidsmtFxzcXpys9GHtzFG8pHJCD",14800
"1HJUe2xibcAeqMU4Q6TEmVyL4cnBCRg94u",22560
"1L5Z4fc6kNP7GcqMZhZx8T1kUuUxKAt79Q",14560
"1MgLiR1aghMZEs8NAkWF2gxA2BdLv26XDR",10560
"1HvgZgDS42FRnjXtdPYjAMuRvMJ5z2Bfot",16480
"16UeeuN3Mwh7w2mzU3JcCsdy5HJnNfPFRJ",16640
"18Q5U1upjgc2iEEW8fApZUePUrCaUAFDNv",25500
"1MSJ4ByGhS6HFT9Dqm9F8VtExvKHV273ES",12960
"13TEucxQKNi2AyLQYA48upBiAzz4VPJCn2",21040
"1HQpip4TzHwMZJJ57ReV5Ho6MhpheataEJ",13120
"18HbPQhC5jpLnWjmedNpK6vHWsr2bMgRpN",11840
"1MYYQR8jh8YGmrebc4rceKBxHSRPddqAmU",20320
"1Cu6X3c716CCKU3Bi2jfHv8kZ2QCor8uXm",18240
"1HQdHDTUj84n3qG7uERpN6z36JuLEiRpPt",13120
"1F2tNKGawHDYPXQLbZnq6kQkDLv5wnrwG1",11450
"1NSWmykqs8L9R7K4FEhX935H2iJryMsVKc",10350
"15HFRJtxrNSfDLdxiv4B3YPG2ZQqneDoxr",15520
"16LhbURvymKkgDPyFy7xwCB6uwNZKTybAU",24160
"1Knb23WE5vhqwBABXehEf7CBLwZFNxRfVd",13120
"17WiJqM2NCwgp2p7H21njsnLNTtWvBmwCu",26480
"13PkPLFfQDE9SSBg2cEJ4wBpivsHNuJxeu",10016
"1AgothgjeZ6knsb1Qvxc2bvY1JayxZFDJL",19200
"1C21FniNparw2UoDaRkZW8jfnDikGWMivA",15360
"1Dqoq4nYZFhyQ626vhjaqxt1Kji6qC86JV",19680
"17TNcHAp8dLkzAwxmZtshvTLgwLfdUAyss",11440
"1QHo5JLX72irgmkFMDKbtQVuqb2LbLY5km",12480
"1sC3Q27NjpLdNf4afpb56jDKucFRADuNF",16160
"1HZVULbLMvfceMyVxQQ817iehr1a2xHHD4",13600
"16L7PTC9fHuaHrrVho23EGUZzaZZwoYgqt",11760
"16hgdDFMSv9xWXY2CaLk7n1eD8LKxcKWKN",11070
"16PX6nAfuohsYnKFgfuN21nhNx44y5Hm5B",11760
"1Czf9VPbhufvMvKt8TyFZax9EoMSrgfGa2",21040
"1HaBBZp6DXnxC6T3bcs94BTCfnRY5jFrjj",14720
"1BvDc4566ogjAbBmsGUt2JQc5o8Mqu9Ejw",17120
"1J1o33kprGzDxMT7jf4UiLjy3kn1nBXoN4",11650
"1DCpU3vVGFTfVX1i3XbDFwoW1Ek79rMRTB",13660
"1DLG2n7r8HKeUDv3z5iz52v8ZDv6PNNtUs",16160
"1mHBA6JFLesEDfQHadphJWstNTmizbuRA",19200
"1ALPGAiDCciyj2d9kHreoHGPnLGGaB489T",17290
"1D6KpwsDZERQ5Jp51tUfc6WmtghDa1wLXt",18160
"12iPmHGcs1t7Wq2fLc6DUxRkZ9RAbGEgr1",17920
"12Sz1yjHkbM4QXFbd32staHs3czgYTF64e",18800
"12KG8EWTbxVYdRWcYrVcAAAWTmrvcgcwiB",6117
"1B4youF9gVH2g36vBBcaiBaxpGJd7BfQpn",24054
"1CJWK9h7hU3LaHrVpPm8UJKxYsjzta53V7",4041000
"13MrnL8Fjdyt91eV1B3gjgXRVLTjQZWdC8",632486
"19dPmWJx5TXGZuJ6NMYY83ued55CJ3MKTG",5
"15BLjr2MQKSRmSXtkkGYG3vPuMANiKQ7xt",13466
"19TiSC3sMonUHStFn32M58GENVFmL5pyfi",33685732
"113ezbuEuyimw4KdvA6i5jLrKf44vQuDjx",90000
"1L49rmMuMUBCzLdikUKEF8dbTwPYPi47CR",101519278
"13vv1N5jN9EvJ5Bjuj67ZZGj32taYdkgXi",1000000
"13kVDNoNWh19jTqQ4Ga3KerhpXVdV2Y9XC",8
"18cwQ6G6SEn18vBqAppNWx4BhVWnnNezSK",14
"1LqAiuTSK2KjXtibL8iZA4DEQhGL4MjjX3",11
"1FTx3Jj17w6SPtj1Rub6t5xRqGqkcCvNNj",5
"1A7LBhDFZPd1RMVz4osoTccxsPGgFTqLQp",4
"12ywCktz2St6bmpYEVXFTj9yRANqUPG6Yz",1209
"1Awy4Y9sUiTbGNrvrJKLtQ5hW2WBMfahCf",9
"1FdcBichMwFx6C3zjWqgC96j6FTeFocj9L",903
"19yjxjcfc2DGRtGEzwVkmPkDiBZ4EGC6Wv",8
"1LFVuyHB6p6uixugB7PUxUvr78sxC62nA8",404
"1LZuhVRCoJetB88x814QWqUcSogPcoT6y2",417
"1GvPYNfMNGwaoN1b1SZy6JK4Zm72ZkK6HN",313
"1Q1ub4f2J2ST2obvyA9cgnfgCf8E1vGxDE",14
"195RK2kUTiNGspe9k9KdVoK4ES3gNuos4G",1200
"1M9fdXKirajPHcPXTAJk7qnSy4hNJhGetY",4
"12AAmF7HZSPVhYdrq7tUFNLUNYRTof2RMm",6
"16LCGpEryhvegP1FFju2jQYr2CitWNB6ap",15000
"16LCGpEryhvegP1FFju2jQYr2CitWNB6ap",15000
"16LCGpEryhvegP1FFju2jQYr2CitWNB6ap",15000
"16LCGpEryhvegP1FFju2jQYr2CitWNB6ap",15000
"1NhB13ttZWJ14ytw75P6WmJfmEV1Y6UT7Q",100000000
"1B7VxVzib2Qcv2UpDZoVQC3txFHixsTd3z",10000000
"1LXnzLTaz3tSbG91Rik4ThHBwNfPdEETre",31398
"14ge47YThgT68933VtrnHEnFRkV6j1Q7qz",4000000
"1AE86WPpfwLMdXSVB4UfCgjXqyn8R9ttQg",720939
"189xkMSncsjvFCECmQ44FGFoq9giYoqMeZ",4457486
"19GkRarHwGE425BFWMtzAgRn5uuGhGYbRz",615831
"1P2R8cFt757KBM875F2fAr9LurdtiwYpM7",298387097
"1iApW5TLAcicetNC3hKaV5Av15ZgnKP9V",70000
"15JGmzWc1SifLBgMMBpEsUsL9tERRvz3K4",12000000
"1NJyYwMj8qnc4ZcLMbAksJKeR8B1qZt58A",28605
"1F6dMdQtkhj41ahAebax7Dvn7e4tvWM8kP",37000
"1CUdtFL18v92ZsY5DWx4bqQbwW1n1Semra",16380
"171WxZhD9YwXhvbsiTQEMboJVbHJ8V74b7",2500000
"1DCq1ssE5kaEGq7ec5VobeeaLmAgo9NzBk",386738
"13kVDNoNWh19jTqQ4Ga3KerhpXVdV2Y9XC",8
"18cwQ6G6SEn18vBqAppNWx4BhVWnnNezSK",14
"1LqAiuTSK2KjXtibL8iZA4DEQhGL4MjjX3",11
"1FTx3Jj17w6SPtj1Rub6t5xRqGqkcCvNNj",5
"1A7LBhDFZPd1RMVz4osoTccxsPGgFTqLQp",4
"12ywCktz2St6bmpYEVXFTj9yRANqUPG6Yz",1209
"1Awy4Y9sUiTbGNrvrJKLtQ5hW2WBMfahCf",9
"1FdcBichMwFx6C3zjWqgC96j6FTeFocj9L",903
"19yjxjcfc2DGRtGEzwVkmPkDiBZ4EGC6Wv",8
"1LFVuyHB6p6uixugB7PUxUvr78sxC62nA8",404
"1LZuhVRCoJetB88x814QWqUcSogPcoT6y2",417
"1GvPYNfMNGwaoN1b1SZy6JK4Zm72ZkK6HN",313
"1Q1ub4f2J2ST2obvyA9cgnfgCf8E1vGxDE",14
"195RK2kUTiNGspe9k9KdVoK4ES3gNuos4G",1200
"1M9fdXKirajPHcPXTAJk7qnSy4hNJhGetY",4
"12AAmF7HZSPVhYdrq7tUFNLUNYRTof2RMm",6
"13kVDNoNWh19jTqQ4Ga3KerhpXVdV2Y9XC",8
"18cwQ6G6SEn18vBqAppNWx4BhVWnnNezSK",14
"1LqAiuTSK2KjXtibL8iZA4DEQhGL4MjjX3",11
"1FTx3Jj17w6SPtj1Rub6t5xRqGqkcCvNNj",5
"1A7LBhDFZPd1RMVz4osoTccxsPGgFTqLQp",4
"12ywCktz2St6bmpYEVXFTj9yRANqUPG6Yz",1209
"1Awy4Y9sUiTbGNrvrJKLtQ5hW2WBMfahCf",9
"1FdcBichMwFx6C3zjWqgC96j6FTeFocj9L",903
"19yjxjcfc2DGRtGEzwVkmPkDiBZ4EGC6Wv",8
"1LFVuyHB6p6uixugB7PUxUvr78sxC62nA8",404
"1LZuhVRCoJetB88x814QWqUcSogPcoT6y2",417
"1GvPYNfMNGwaoN1b1SZy6JK4Zm72ZkK6HN",313
"1Q1ub4f2J2ST2obvyA9cgnfgCf8E1vGxDE",14
"1osmXqwhYxtEHkx81E3fkQJBLR6imE3QK",404
"195RK2kUTiNGspe9k9KdVoK4ES3gNuos4G",1200
"1M9fdXKirajPHcPXTAJk7qnSy4hNJhGetY",4
"12AAmF7HZSPVhYdrq7tUFNLUNYRTof2RMm",6
"13kVDNoNWh19jTqQ4Ga3KerhpXVdV2Y9XC",8
"18cwQ6G6SEn18vBqAppNWx4BhVWnnNezSK",14
"1LqAiuTSK2KjXtibL8iZA4DEQhGL4MjjX3",11
"1FTx3Jj17w6SPtj1Rub6t5xRqGqkcCvNNj",5
"12ywCktz2St6bmpYEVXFTj9yRANqUPG6Yz",1209
"1Awy4Y9sUiTbGNrvrJKLtQ5hW2WBMfahCf",9
"1FdcBichMwFx6C3zjWqgC96j6FTeFocj9L",903
"19yjxjcfc2DGRtGEzwVkmPkDiBZ4EGC6Wv",8
"1LFVuyHB6p6uixugB7PUxUvr78sxC62nA8",404
"1LZuhVRCoJetB88x814QWqUcSogPcoT6y2",417
"1GvPYNfMNGwaoN1b1SZy6JK4Zm72ZkK6HN",313
"1Q1ub4f2J2ST2obvyA9cgnfgCf8E1vGxDE",14
"195RK2kUTiNGspe9k9KdVoK4ES3gNuos4G",1200
"1M9fdXKirajPHcPXTAJk7qnSy4hNJhGetY",4
"12AAmF7HZSPVhYdrq7tUFNLUNYRTof2RMm",6
"155qH5V4A7psyBHahRbHffyk8sMtSYskpx",1068836
"1172Qbmq3R29RvtA1UuhPzPfU8rMcm7af",228
"177SvbKNRCGfwK37MH7qEFvpjNDsmsDkQV",10000000
"183Up52toxCDTq5bQ5yh1habmDp9qPgcoT",706384
"16CxGEgfWARpqDeiwyWDs3HbsZquYa8UGc",10000
"1EM5YJX8TAwifNBWYjLJ8dGyYaWKCG85gk",1550000
"1BdY4HZ76SB6Q7mw2zT5C3VfGGKn2oJA1j",65000
"1JPRfTtw3Zto7RcS6mGzBgiVSCsqN4hqbd",107302935
"1aygasS7RXLsxbnt9WSCPCfRET2erUUU1",729671
"19JsZ2eGp8NE481G9q4TTEHJpLgZDWmhZe",1000000
"1GdD9A8Q3XNo5VCnWUJK17vHZ7hWfCW3oW",169999
"13uZiGEe1nCkNwCTn6HcJwpZiE5g1RSWxX",102733656
"1t6yuzwuWchRg9DdNvQcMSXDMDUL62nQK",19950000
"1HBZH9eUf5rp8c1fTYec9afkPWGbxvJifo",25530100
"1ENEf3qzavH6XJNN2ZKWvvX6Pq7V8kCvdz",577230
"18vWBj8ssAYzywPWsAWTh4GBgGb7hGrM8K",1438603
"1F2ukqoaCht4FR8veJdFuoSNyZ4JbcMRnu",200000000
"1BbLvhh22QLtmh1rRqrMEAGkuqeHxd8JA5",150000
"1GtQzvhTW532jzhv55r2dh9Sk3B8h3UkKQ",1000000
"19eBeqwQ8Yt2KBR6FuCYPR4xPEpRRmd8dN",1000000
"1GgKgNCTe87LET5c5sf6bG3B4iWw6eaXZ4",1000000
"1GfT7hzq4mwkkYarWir7p4X9Q4U3haYQgH",1000000
"14ytRZp5Hfczd7mSwRD1pFEPhdG9nXPGRV",950000
"1Aoa8XXWiqA1XL1EZvxhfTJX97JwoHtMZG",50505717
"1GCNCmQGa3at99L5H1WHzt6rMeQmUWXX37",29007060
"14Q5qbj35fY7jTWo1GgUwqXbiV3pnCfqGw",3365637
"1JQd8QivjySQqdhPEJ6vL5mf5GF5VZk5qx",11120
"1G838zyZtMkW1V2PXWAobKVJff2p65WjCD",16160
"1zzMiqZdyp7G417GCMsrH91uvAhp3qLxD",13800
"1PKi9Rao6Dqs7a763nGPdo4123L9QYKudw",10480
"1FatmC7ueycno14efPPY68ZRcKxwrxHtSe",27200
"1BudZe3BpwWSbCSdVtA3dAJaUpPm1feCde",12720
"1NQrc9Muna2PttLEcWmHvaRggfHG69kMJ2",21040
"1HDRiNFgxfW9shRgKbuggxV2iFDwqAdacv",20800
"12A6irPZ4qeAWvkxum1szjJSdvJ6792keL",20800
"19eMFch7u8ujy315y37T8ooMEfvd2tCv2z",29040
"1BCr6uBQnKjp4scAecLujYrxRMbMeH24VL",10100
"18X9AjxeNFg8n5jzYpCAELDBSh3qXobZNH",17200
"1F8jEva9qZhqLm3Mp6aHGYKN21kTcjrBZb",15520
"1FeMMBmmnpZvpqrpKdxiYQkubqjwH6Wewm",12430
"1EQ7eAsBVgFLMeFBzpscUSjYiJYUVAYQcF",21360
"15U5JCEbPYeUFGVxwbP9XNDCgWqaxqTq8Z",18160
"1DV4QQyEZfxSQD51pPUmHoWJmY9dwndyeU",21020
"1MESksKxrju1PrHtsupwks9cRxDhiprM6t",12600
"14wA5cLDtH7XEPoX4HwoQLfPrQ1JeJW2xC",746340
"1LwyaW6wfEPhyQfz5yCoiLuBea1oroqpuZ",6664
"1GY9HjRdbkcFJNtRRQT8iKPht6Pd9qLacZ",11721
"18W7ZoDRTsbcg8pc56M8t3VoByncE2jFh",13596
"19rAb161GbxWgxz2stL424r8mNd8vE71pG",859513
"1Jwkcq1hmnhhKL8MUZLjb8AeG4vJBvxsCh",40000
"17esycRFuPRTZMk28rbYW6oLigmUHpYy98",40000
"187FttHAcxpMde6t4SrohW3nUD2rfjAsx5",1486223
"17JXLczrBVuzRNaKHybDgEgZX27wPryYGu",746491
"16TkkHMneApGLxrQEYvhagASZQkKEojbLe",90000
"1JCAugEs1ETUKRXMBpxeCPERS6xPymP3ZM",20000
"1Ln6o3qobvewQVrAarqJ1fQgMn8bNrmJWx",1378000
"14h4tyxgHUo4zZPXf1yhZuZQaFo8sBP1fM",84694011
"1Q24vMAqtWQBwLtPyUb2hRVfTryZ8VtTXB",1371000
"13981D2uJgyfNcTohyXwM1rievhG13hQjW",43395
"1JCAugEs1ETUKRXMBpxeCPERS6xPymP3ZM",160000
"13kVDNoNWh19jTqQ4Ga3KerhpXVdV2Y9XC",8
"18cwQ6G6SEn18vBqAppNWx4BhVWnnNezSK",14
"1FTx3Jj17w6SPtj1Rub6t5xRqGqkcCvNNj",5
"12ywCktz2St6bmpYEVXFTj9yRANqUPG6Yz",1209
"1Awy4Y9sUiTbGNrvrJKLtQ5hW2WBMfahCf",9
"1FdcBichMwFx6C3zjWqgC96j6FTeFocj9L",903
"19yjxjcfc2DGRtGEzwVkmPkDiBZ4EGC6Wv",8
"1LFVuyHB6p6uixugB7PUxUvr78sxC62nA8",404
"1LZuhVRCoJetB88x814QWqUcSogPcoT6y2",417
"1GvPYNfMNGwaoN1b1SZy6JK4Zm72ZkK6HN",313
"1Q1ub4f2J2ST2obvyA9cgnfgCf8E1vGxDE",14
"1osmXqwhYxtEHkx81E3fkQJBLR6imE3QK",404
"195RK2kUTiNGspe9k9KdVoK4ES3gNuos4G",1200
"1M9fdXKirajPHcPXTAJk7qnSy4hNJhGetY",4
"12AAmF7HZSPVhYdrq7tUFNLUNYRTof2RMm",6
"13kVDNoNWh19jTqQ4Ga3KerhpXVdV2Y9XC",8
"18cwQ6G6SEn18vBqAppNWx4BhVWnnNezSK",14
"1LqAiuTSK2KjXtibL8iZA4DEQhGL4MjjX3",11
"1FTx3Jj17w6SPtj1Rub6t5xRqGqkcCvNNj",5
"12ywCktz2St6bmpYEVXFTj9yRANqUPG6Yz",1209
"1Awy4Y9sUiTbGNrvrJKLtQ5hW2WBMfahCf",9
"1B17Zh95h5eZ9VTNag9e89qabbshUiByLr",1204
"1FdcBichMwFx6C3zjWqgC96j6FTeFocj9L",903
"19yjxjcfc2DGRtGEzwVkmPkDiBZ4EGC6Wv",8
"1LFVuyHB6p6uixugB7PUxUvr78sxC62nA8",404
"1LZuhVRCoJetB88x814QWqUcSogPcoT6y2",417
"1GvPYNfMNGwaoN1b1SZy6JK4Zm72ZkK6HN",313
"1Q1ub4f2J2ST2obvyA9cgnfgCf8E1vGxDE",14
"1osmXqwhYxtEHkx81E3fkQJBLR6imE3QK",404
"195RK2kUTiNGspe9k9KdVoK4ES3gNuos4G",1200
"1M9fdXKirajPHcPXTAJk7qnSy4hNJhGetY",4
"12AAmF7HZSPVhYdrq7tUFNLUNYRTof2RMm",6
"1BDraw4vFpEhsatdSg7mz9pars1zTdG5SA",180000
"1NfwYV7hzh6oni6VMAPG6TPoFd4Hm74ctk",2004257
"19nucX3tKaymM4cbbCoRsFqwiucwMPD1qr",311000
"1M9zY5xWKx3ecSZZKwHe2J4VfU88niLpDw",222000
"18gbxcidverftG4ZaWoeXj55gcFWAyrB95",740000
"17tAAzGF8t9XHA4f7qHtCYJUiD1Rb1Zi5K",5460
"15Jzz7T4YiGdcSf2T93S5dstTmyJFTLSee",5460
"1K9bRgkF8CmPpz9uHQ75r2RCL9Khw1xc9U",5460
"15ryeMuRb77cfZdJZWfT7ek7Jdi1MCV1Q9",5460
"17pKAz7TiUQjqNNBqZG2uZp2xJGvaRtWjf",5460
"162jrANtXpg29jzGZZRikqcKCoPzDByU3U",5460
"15ZFs2mYNY8xbBpdd1pBmabVHGPU5Cxvo2",686455
"1HP5adbTZwGbV2psUmg3H5iuA6BdrJrkiR",5350000
"1PRP2RHgGKpUXJKHmBCHybCdS8sYYrudjL",276000000
"143kavSvUumiYDPJDxkJfkjLFoGXwDBce5",45000
"1PRP2RHgGKpUXJKHmBCHybCdS8sYYrudjL",549000000
"115GCZyTdyPMpkkcKs8jPZqWmMzhbAJyWV",489500000
"18rCHSD7vdrNQGUqYiV3v3swi4iSdgWMGh",1039579
"18BD6GRr5vR7jd1UL1V9anGgEUnc9juogS",1084730
"12cnMy98hUyHhMw1ZL3FmxqjGJ9tgMcZs4",1071335
"1NrtrRURCogccGBKNcCM2Kg5hLL9QVvdTt",1029740
"12MEbAoDZGiRwD5wrvxya6kJfXwXXkn1p3",1017288
"19C2kw6ei2gFZHbYupNir9qKYrH8tHt6b2",1018315
"1QDB6GnjQG7yVnyPzCFWXggWGSLAnsWQAB",16000
"1NfP5Yr5yUBsMLMQtgbVEi3TymVaLBFjaV",16000
"1BZVsqA1D8wXPDzaNwCRaux2ZqhZkmvVUw",17440
"19RfYSST4PYf2L3MwxhMvyXawR3Mw8FWUU",23200
"17f5Ef4BGAsVo5qXxTYbEQ9oWS4SBMVLT",80000
"1HZbjDcMiZ1oxnxNDAGTssnhBLJNNGeBSZ",96000
"1GxRqBy6rS56onecR1URwncfDsKe9oRYrL",10000000
"1LKWLQWyL9FNAZvCrtyFzQ5KzTMVLq1rVG",20000
"1LKWLQWyL9FNAZvCrtyFzQ5KzTMVLq1rVG",5460
"1LKWLQWyL9FNAZvCrtyFzQ5KzTMVLq1rVG",5460
"1LKWLQWyL9FNAZvCrtyFzQ5KzTMVLq1rVG",5460
"1LKWLQWyL9FNAZvCrtyFzQ5KzTMVLq1rVG",5460
"14z6VgzekHFHFRDCVMq1mLg4h9a6oJMRU1",450000
"1F4JUtHdSgVV9RhHCuWfPVNQHmfPfhXHcR",160901600
"1KEGKB3XiL6oBwjE3vtW4sr7W1pZS1iiZJ",4295517
"1BcgH9toVsdZbxcTkS7LnMkvZPXk9LyhKK",11200000
"1BNYVo16eadD51AJYr874DpgQdS5YQyiLn",1265770000
"19TiSC3sMonUHStFn32M58GENVFmL5pyfi",704500
"13Y5wqkjxXPkxhjB6vg9NKDDqZ1ZsUyyV2",1000000
"1JqdadgxgxrnbEnfvohxtaSNbHt52kVLtC",20821195
"12aQarQixd94FZN1Uz4HppAmLeR9hVyCAG",103000000
"12yVTxZL6bwTZURgvQogXaQrSuCRgP64Ab",39898
"12c4qSEqRCnNJwDRhQrgdSGmQr8kJvSGdj",6390000
"13kVDNoNWh19jTqQ4Ga3KerhpXVdV2Y9XC",8
"18cwQ6G6SEn18vBqAppNWx4BhVWnnNezSK",14
"1LqAiuTSK2KjXtibL8iZA4DEQhGL4MjjX3",11
"1FTx3Jj17w6SPtj1Rub6t5xRqGqkcCvNNj",5
"12ywCktz2St6bmpYEVXFTj9yRANqUPG6Yz",1209
"1Awy4Y9sUiTbGNrvrJKLtQ5hW2WBMfahCf",9
"1B17Zh95h5eZ9VTNag9e89qabbshUiByLr",1204
"1FdcBichMwFx6C3zjWqgC96j6FTeFocj9L",903
"19yjxjcfc2DGRtGEzwVkmPkDiBZ4EGC6Wv",8
"1LFVuyHB6p6uixugB7PUxUvr78sxC62nA8",404
"1LZuhVRCoJetB88x814QWqUcSogPcoT6y2",417
"1GvPYNfMNGwaoN1b1SZy6JK4Zm72ZkK6HN",313
"1Q1ub4f2J2ST2obvyA9cgnfgCf8E1vGxDE",14
"1osmXqwhYxtEHkx81E3fkQJBLR6imE3QK",404
"195RK2kUTiNGspe9k9KdVoK4ES3gNuos4G",1200
"1M9fdXKirajPHcPXTAJk7qnSy4hNJhGetY",4
"12AAmF7HZSPVhYdrq7tUFNLUNYRTof2RMm",6
"13kVDNoNWh19jTqQ4Ga3KerhpXVdV2Y9XC",8
"18cwQ6G6SEn18vBqAppNWx4BhVWnnNezSK",14
"1LqAiuTSK2KjXtibL8iZA4DEQhGL4MjjX3",11
"1FTx3Jj17w6SPtj1Rub6t5xRqGqkcCvNNj",5
"1A7LBhDFZPd1RMVz4osoTccxsPGgFTqLQp",4
"12ywCktz2St6bmpYEVXFTj9yRANqUPG6Yz",1209
"1Awy4Y9sUiTbGNrvrJKLtQ5hW2WBMfahCf",9
"1FdcBichMwFx6C3zjWqgC96j6FTeFocj9L",903
"19yjxjcfc2DGRtGEzwVkmPkDiBZ4EGC6Wv",8
"1LFVuyHB6p6uixugB7PUxUvr78sxC62nA8",404
"1LZuhVRCoJetB88x814QWqUcSogPcoT6y2",417
"1GvPYNfMNGwaoN1b1SZy6JK4Zm72ZkK6HN",313
"1Q1ub4f2J2ST2obvyA9cgnfgCf8E1vGxDE",14
"1osmXqwhYxtEHkx81E3fkQJBLR6imE3QK",404
"195RK2kUTiNGspe9k9KdVoK4ES3gNuos4G",1200
"1M9fdXKirajPHcPXTAJk7qnSy4hNJhGetY",4
"12AAmF7HZSPVhYdrq7tUFNLUNYRTof2RMm",6
"1P7VYcnSCFZLPuYWJyhEZTY9BB7qxYVyZW",1000000
"15TMdUAcoqzsaHkmDZixgLP65SCt19C5QH",30132720
"15TMdUAcoqzsaHkmDZixgLP65SCt19C5QH",100000
"1GwdzNMW1g3aYjVUPqj23iuR4potdEEm1e",3026697
"1PqP6yZbYCh196fQGQciNA2E9p1ArB6bqJ",1000000
"13fBdrEmJUQeNgYc4nuWb12BStGLXQaBCM",100000000
"1MY1wscgWNrstHBRsKN4nNbDmfTj9V3H4s",5040000
"1JvqdMDQ1hStrT8RWrWLenrRjWEAXWq9qA",1151614
"1D9wF66q32g19secApgKCeuzV5jB9Viic8",10515419
"15iLqH7Xu6z9aGSgreDqc3baRqD5hDKDrp",1220954
"1EVSdFraW12mYqyfH2JCR6QHSKNgrvPDM1",1051883
"1Mi7hSAtLDGt71V1thV7R8KPb4PfGueC2S",1021850
"1CbWV7uCoxDYE53UPHQqYwBjE5yK6NX7Ut",1088943
"1K8yrYWn7PKt8WoKGqx1aDWCZyyvAUM4c8",1544159
"1Lzs1t7EeE9m62DYxNa8jGJM4Ji7NwCEjT",1088326
"19rovorzQepVJRW6jYBFNvNWuJTdhvt3xd",19800000
"16sL4X8tcmtNapSsDgZ86Ya6GM67KSNTAo",4037794
"1DxARPR5eewHYKYBicKUSRNhWnCaACgxyA",490000
"1PKGQ6PCtk5rLSD86HhvTDrYyDYrnwfGBt",5000000
"1Jw8P9Mo1h1fmVMX6bBDThSLNBDBwXBvBr",5000000000
"1LyHwjUKubSUUBsG4EVFYYHiyRjMYNkRe3",2500724
"1MMzrh9S9bSkcU42kpsRhe16hUcpDe5NYb",1553808
"17QfkfGZux5FTcVJGDQQLdfjoahP13Tozj",1131332
"17HUAbuAeJfn7aoNR78BcVJS958WkCwDKL",16160
"1HMaA6Un7XB9xcUamyGB2h9bM8o4HR42VU",18240
"1PvV7WxiR16nhse8nyXFGVN4XWQ7qPzDcW",12160
"18oUB8ECCgvqpdxtbFfYa8FMx6yWh3AMCE",26880
"16s2vN9CSbjpv5hvpfNa5nYuUeUK89zgLn",11350
"13oZ3gsjaqDnSmh4pzNzn838SaqnSwcThv",11280
"1HSdLciD2Pe9ogbrfmJVME9KmXSzKyTSpz",17120
"1Jjg3rB77vyFGgwQqHWvcrn1zgntYYVhu",14880
"1A6YWoPwVk4ucPmNwJWgz6oQooEjvYeiTa",12570
"1DE1nPMo5mJ8o1Qxqk6G32dLcStZndaApW",18400
"1KQ52TRUKWVmMopMYMEEUqNnAWsVuVXpyK",15360
"17TNcHAp8dLkzAwxmZtshvTLgwLfdUAyss",14560
"18QLDXTi1GEm8KCBd1DBLgiXgvjpgFw875",13120
"1AcMHu6DvZfuXbnFXGfTrsgXK8xzzDbmGJ",12140
"1BudZe3BpwWSbCSdVtA3dAJaUpPm1feCde",16850
"19w2BaSh4wxzSwdYWeJaL5GuAmGpYzbEWt",19200
"14HBbyNc1VjrukXw3ynwK3kGfqExKbrwXT",20160
"1MnrGWXnCob9dUaHzW3W8a68yiLvLXuXB5",15520
"12Z2nKnXd6WhVHFqDYnhwKvmQxAqR3oAQ6",1000000
"18KSNbEdmFuBnh9TWtJuEgDqoU9Epx1MaR",1896900
"1LKWLQWyL9FNAZvCrtyFzQ5KzTMVLq1rVG",5460
"13zKdPq988h7z1qmympgxEQGDpMLZkmiCg",340000
"1MbeQWfuv9Lu9SGzFh49PhXtrprM2WZ1C6",1000000
"1zxJePYykyt6BqXMUdxyuR5NmnqMmtUxt",2810000
"1EFFWcg7MJEsTQtLcwW53ziba4B7h6wHdo",1026348
"13wAjiYTfz71r63X27Y1SPWWvdJHQVKUrk",5105157
"1BxUDKjVyfe99DTcZ9xdJaMGYv1wW1tSvL",1013736
"18arWgYcGPPeQKo8JsXZNLyZ3aUhB4So9e",1001513
"1NBw8bRJ7wGtT6RoSg5f2pV5t92vgNQ8BP",1038781
"1H4BELNxoVsN87abNq7eQffhvknaCU7QHc",11781000
"1Am4aLoyDMpX6QSxUbNqHtcZPbMQDe1yEX",2500000000
"17twDmWFPbecR6TtZPaD172A82b7PJStxW",100000000
"13uZiGEe1nCkNwCTn6HcJwpZiE5g1RSWxX",89670755
"1N2Y1SFkqQHWgcLDM2djZAjPkSKWCFQc2f",760000
"1wFRbBYtobmsGgpfSvTuWdoUiRXAfGAg9",400
"1unN2VdKLFW2yufkWDKiqsscDYL13AyzJ",400
"1q7Cw73TmB1etrhMfwspcb6qpyhZsERKb",600
"1osmXqwhYxtEHkx81E3fkQJBLR6imE3QK",400
"1kuepHEZUP2KpjPdETvaaJthUFNmfvTps",400
"1iVGhf6XDw2JRTHnBi9JTzNb5k66gUkrp",400
"1fVZ7NeGABCSiomMTJAKLsVw8uxuWE6MG",400
"1TLcm2JW5adP78gRExKUfbUihwmuCuLwp",400
"1QJs7Bj3gA2xBPgrov3DDrTQxdY1dfXJj6",400
"1QHo5JLX72irgmkFMDKbtQVuqb2LbLY5km",600
"1QFNGqVgKEoNXhWPgzzdm3gTSV5W5Rm4Nn",400
"1Pz3PWJJ8Zhge7jUiRV5jY3jcVM9mkx5wq",400
"1PmqbzuVhGXn7PRq68EKuVUbBY76nix96N",400
"1Pkscy4g6zjh9HWytaiTwBp48M6hoPHrNP",400
"1PUb3LQFNChdUjoyZ912UDthH6DoenvRQD",400
"1PJgMPdWmM51qzeMaNwhzTpfn4si6yMxn6",400
"1PGP3izS13i9sjNYdvqsbTcxeZq9JTw3dn",400
"1PEYMEiT3mMaRMgZn5in1EnpJM2ZggQ4Lp",400
"1PENksf978qYFe8WW8RK9y5tmcPUV2idEW",600
"1P6mubnxcWep9X45XQoeX7q4XF7WHWfpQw",400
"1P5WoH2FaEjoA6Umpu52J3YT7xRYticb15",400
"1P2RaXS12S9YwapyYtcKYRExAw2XeGynr5",600
"1P1kJQJLXwJMU9DmLFtmFrfbzjAdD4c39R",400
"1NxZBVycKqiepfm8yYoQFW5uiNCiUGRNXt",600
"1Nrp7dCrmXaZGwUdWfQojdRzdEigQVT5sJ",400
"1NZAcJtRiW952pXpvPSmCB8gBHLmLZHEij",400
"1NRNYQr6WZXFyAsMz5pyieLnLN6goK8sCR",600
"1NMDUy2qvvwr1sc4VDYm73PfkT48QYm9M4",400
"1NJ9jv9m4ftsDUEuxgjnfZjM32XMVhpkkC",400
"1NFRRZZWSmfvcA2fo5bzHGgUvdoY7rKDqk",400
"1NAj5WX92F6tF9HYkPS2FRrb9LvuSDPyER",400
"1N8Rkc7KKjVXkSBP4CaMjynYgyMbkHHtCi",400
"1N7wh7au7zmbXrFQH8sqBhqeGopRudLyi2",400
"1N7rC8myT6tYnehA4soYbso8Pj69P7GXus",600
"1N7DjZmMdwMeV9xR9bVAwbhBaXyufwyePq",1000
"1N6wQRSxX9gZ6HBQBdLgsdqvNYm3LZrbNE",400
"1MkwYdtCkKKPKEA5v6jv9uiV51YUt1w9xt",400
"1MYYQR8jh8YGmrebc4rceKBxHSRPddqAmU",400
"1MY2Hm9Lh1bt1wAeM8uiKb2svpbtqfWyce",1000
"1MVbSK1CLBpsd84FHpy8ZH9rLDxwu6HbrN",400
"1MSJ4ByGhS6HFT9Dqm9F8VtExvKHV273ES",400
"1MRcozhz7PJF6Szc1zBj7Nj1Aai3TD2UBh",400
"1MPkhwdJFHSpHLkBEFv45rVRvJS4WUwDCH",400
"1MKcb8ARNogZ9714FJQ6Ve8959cifFVrwn",400
"1MHttyEoCuX9J8fJftAZBJgozdngLJBV33",400
"1MDWFxXtVAUryF8SeYbxhvWVh4qTRtE7qU",400
"1M1Ezsj7cEpawS9kBKcWjAeXfZ6PDcAcVw",400
"1LughB19c2GdEL8ZdvucVkKkmwKoptmbvb",400
"1LuDCb2VCpFYp8aksQk9eCFEmMF1Ls7t6S",400
"1LpBJvjfQrtCdUnVB4ybTJGBYmjeoh4Wpv",400
"1LjdbGjvfQVKMZYQs2giWjhQVoCyaw1TMi",400
"1LfkzSMn1p2nnySwwfuFD4NECVLepyT5Rw",400
"1LcgNfBYGUcTD4drDtbXTqrwmWiooRYT5u",1000
"1LWp8RcauGeF6X1y7cy4mys1u8YwHtPYrW",600
"1LTtmF1Jx5RVJvLMv4s4s9nQh5CMkvWXXh",400
"1LThYER2wT87kADiSXZnnrJm4Xebqtkh9g",400
"1LJXbtoKCmwDD8tM8LvdGBbcVBQ5nWLyd5",400
"1LGwGuwN3Weqo1qtQbscV9uw75jyV4pMC6",600
"1LEyvJV9EvUZay4owY1YBbTSyggrX8KbEm",400
"1L94JaZSaReXiNDjdFhXGmkfPcbWYG6ATN",400
"1L6C1pbL75jTtbA71q9NSuD8L4yoP8MpLG",400
"1KnkAj8ZdfwfzbGXBCE6rXeXfPo2e7GkxD",400
"1KgRVXNtc9gafAe3j3r8szBMhrt42knnLk",400
"1KZDLeeKgukFHFsgcPWNsVddN8cpsQbabh",600
"1KZ9oEHSCZ9772fsJXijmbNgjre6kKpJan",400
"1KYEgQweLyU3ByWcgSSwoVKBqM3aYYknGW",400
"1KPAfmwrngSi6ybsqwwjDLu8DKwLzP3h33",400
"1KMwwx11SULCvZ8wWcon7Sd5QHyQvQK31K",1000
"1KLZG1KAhSmXx2W2k675WsXCnjXc9tGAwN",600
"1KGYngZFfpt1VLB1cnMMYRMBHPiugHxWAh",400
"1KDUqqLE938xW6BUP9fBoXWK45vPCVNimr",400
"1KDDjz43Jo4MfWZL5Acmpd2oTTE9MTAa9T",400
"1JvpqLZtKkpmWnxN9eyhdK5eFcHcfR3uzH",600
"1JozefPTC9GF73wWKbMJxpgpAYWdVtZ1ji",400
"1JoD6KLK36o7xC59SKRhotsjcb1JxZ1xPK",400
"1JkZyFkKABssvu58ckT9YSJovPMG6UhZLk",400
"1JdiRRPgqKiLscA6FsZeEi4ACSoGth7DKo",400
"1JaQ3bWpKgdUTUKqDXYeyJVEwDqfbQD897",1000
"1JJtuhdGYQLDSwksk4ShSUbpjaPNy3mE15",400
"1J3FZm6qw93rAmas7JuQWLuoWfSFc7SLbS",400
"1HyC54UUtkYMUQyGz16BSwmAVXS8r4ukJG",400
"1Ho5k8xw4grJoBHn4KuSKJYaZW1SEQGVcr",400
"1Hko6JfUJbfnG8mDb4RRbMB54uUZQXAy3c",400
"1HjuHZs67Ge4nhMiSGVhGBBsxGhyCdJ7qC",400
"1HissT1uNj4zLdQtVCN4k24jRXLAK2R4uX",1000
"1HTvQLVvpBWpwpoWLkTtdsFbSCkGhTPLSV",400
"1HThS4HnhZrzAGwWezvVNwNSJX6ZpfWgKS",400
"1HPBZeex82731DNVYmNBw83RaRiUD6HKt4",400
"1HMaA6Un7XB9xcUamyGB2h9bM8o4HR42VU",600
"1HMMCTtJJJvbEDvZyw6QCSnXgUmHi4AgsS",400
"1HJS5WHJfW4PPZ5J6TCyvuU2LXx6htdZ6u",400
"1H6QFzCqxvTgpcEGtygQivy2qmPEN8obqm",600
"1H3BiDxek4QXKyAGitDGArv1QeovG4Vog8",400
"1GwBMxM2WQqQfhFRgw78doAw7NYVrTh8kA",1000
"1GtCW9ddZtouxmQhXUucuYWWCHMpSTinUy",400
"1Gn31t6vZu4dD62L3qwNtjR8jMnUGkeGW8",400
"1GjFCeLdQq5Tgmz3GNRCqF1zQFGT98MsnC",400
"1GcR6ibKcDv4ikPePweiJW8CKk4WAaZK6W",400
"1GWoD8EhgPQ6dki3A1622UWkUaoJcp9yT7",400
"1GUFQNWFy69K13n5f3RjMZXmdNWVZyEBSu",400
"1GSXrrWJ6SDpXkN1zXrBFYM3ooen9cp73U",400
"1GDQzGXyXNJHyChc6KeTn6B13oKYgAnpEz",400
"1GAtULVtVDTSyNhYq85jtXmeJvvBUKzRtA",400
"1G73n624jLCSeSt5AC1PZH8FxWRRKepys7",600
"1FzdENpmGyNhKcEbwGKNFoKkSP63RMr195",400
"1FyzUcoq7Tfev7ReXaYBxPQBTq5PmFiSMN",600
"1Fr2iYfSESmdkki9y5f8HWXM83R9UGqu3V",400
"1FnK8NLH6XHmJsCSL811oaGNg4YAvPxpVb",400
"1FmEXD1jrPttvSx4dWbRUPGD74z8oGKRsv",400
"1FjV3SBEtgfxAX4wP8mvZ1zAJbKkqzspGx",400
"1FdzWq7NSiw4uDg8T2piGGYEBY3UjWtz2H",600
"1Fabfg3yJsUGBZHAUYrL8jZ7ELMwBFjhC5",400
"1FXbbSCE9f4LKqnoimU4iG5fA1a8FKKH53",400
"1FTx3Jj17w6SPtj1Rub6t5xRqGqkcCvNNj",400
"1FQr2nMmhmqeq9LJNFU1uzGSVGtEw3kFzQ",400
"1FNPu2VveKmAKMQREvrCjNVwEUoFAs4XBX",600
"1FN4nzCAjHEwDMyL4WiNe95ZNaFHBnv4Yq",600
"1FESQGLiMhCcTv3Xa7cjajSPGmqog7Rm7X",400
"1F9JJQnJKCU1E67U7f6HSZjvFgbAitcamQ",400
"1F7BUmg65kZzjoh9Ajw5nb2E9scfwpRjjP",1000
"1F5sytog8UNdZFLBHrx7GSB2ef2nHVxHGC",400
"1F1qqYnM117mL2tiabFDQvLp1Nws2y22n1",400
"1EuDrMCS1iwMRycoU3TLdihjfeUoCNJ84Y",400
"1Ek2SWYtqWrffPamyE5dxfemi7VqYWwDLK",400
"1EiqabW1bAD3xyWVhZEisSL2Rw7FPmRoQZ",400
"1Efokf2aJUcqtVQzNfgEn1nydvb3y5wA2E",400
"1EfQnwygjWuqcR5rhPVdVahhK9LuWQ3TYQ",400
"1EdKrQfExXkdZyUzCkjGcAGxWhF1zpmPRc",400
"1Ed1TmQatWQUN3d2afqj1kyB5WM92gqpj1",400
"1EbyeyHQppHvqStUxXSn8Hvd7g55avAX4Y",400
"1EUAAuvfRKeGSst5inFJLwC8GDhPH4cZEk",400
"1EMPgxXduTCpbD6AR3mQTiXUx5fpnjXgsL",600
"1EFERP59dZzVnNjxXc3sR6W9XN8qDwzcba",400
"1ECUpDTKtVx38oMxAAjPJAhAzYy5gCTsDk",400
"1Dtz3gttMjpDjzEVXE5RuK1jo7EzP4bYcR",600
"1Df48tsdMdGXtRRcmoBNADsewTBuY5ejss",400
"1DRtDyF5hXqUw2jVYUqpDNd9HsK1GUcgr",400
"1DReu7HzL42j7SyP3YXPAjUGS1d9azQ9vq",400
"1DEZd9aawYNzkbuAJUr9WcasdDBMMyTpva",400
"1DAePgsZ8Bo4dk9Vn7TmMDQ3t6hbCpzfN5",400
"1D8e9i2c2DJbrUmk49GJfBT9YpJeTjRiD2",600
"1CdMvPibk6AGFfmyVMa6fCrf9bznH98jbc",400
"1CM7zzmW5UXWsw9n5PTDcDtkLoDzzxq97w",400
"1CEcVpC7JGmqgpXviiSRdm5EBYVJfQxpPu",400
"1C21FniNparw2UoDaRkZW8jfnDikGWMivA",400
"1BmbtWttgkLUp2twTVkNJBvWpB9VszcfNU",400
"1BjcTbfEsn9ibEmVDHdCuAi4WunwVtNYuv",1000
"1Bi9NgZWdsjotX7DwBffF6oxnyWYqSJzc7",400
"1BcvAoSNA1e7yeiMF3arMUeofPxjfZguSE",400
"1BXoFcj9nnWCpfnfMwAWdsvP7hoEtxJq2i",400
"1Awy4Y9sUiTbGNrvrJKLtQ5hW2WBMfahCf",1000
"1Au5tRoTNYfCimRJ84uqorqbTbrMgzH7ZM",600
"1AfjNaKJv22hCLsXaZ68hEiLQhxbvjat2m",400
"1AbGZvZidSngqxf9Kq9dWk3uBVTv9qXsN",400
"1AaU6ZoeAf9kiGuTpBTuigzbGbsMGSK8KN",400
"1AaEsRKXfhssJ99uzDB3PEM1E9JDi6qV7k",600
"1AZf4UmurBBss7oWRt2aAuNwwpQbomdRQL",400
"1AMuFQUnkrhM2wPAYdotZvp7GziH9gyqCu",400
"1ALPGAiDCciyj2d9kHreoHGPnLGGaB489T",400
"1AK4frxcVB6iqQGfftYrL83TPMBEpm7a7y",400
"1AARX1VTHdUwdUSbn2RTVEgTwDWj1gQycq",400
"1A8sMHLyEDeYLGbSX3LfZFpkdYMh8EpZHe",600
"19vt4k1Pzb348b7WEkwepvAfoMTLzaYijn",400
"19uLdhNepPhKfVDdg4D1NPThpYFnByBLoY",400
"19kU2C6Zmatq99vvD9nJdhR7AJbNACbUG9",400
"19jsGeUPyp5hC7dtTS1PQiwLjpeWaURoAd",400
"19j8Fj2ndFZs64iK9LAvHaoxtMdMbmTVbc",400
"19hRTXbwm9G2NiBLxKwZL7yQuVSZC7ERMw",1000
"19gip8f81kak1XDWw1PuSTF8PeZui9YcXW",400
"19HFtgjQMDqSdQDEfmGTiH6Ndywz57iVgh",400
"199ViTuAVktG6oBYQkGgLCtFvfzbtGArJQ",600
"192hTkkWtZjQxtQyPMFYFrtDcwTCoED5UW",400
"18yCUeHbiLfy7Vz3DUjTPE35mrhHwWmB3J",400
"18m3Mjwb8qy85E2Ww94seJBLx8uwcVrjXg",400
"18kijXxtFFZXJxm22z4kg1coxKY5vrd7KY",400
"18cwQ6G6SEn18vBqAppNWx4BhVWnnNezSK",1000
"18bikVE2wa1d52z9yMjWHt8eSW92LREKkh",400
"18Y67oA3Sp91pwcutfsxXuxyPGqjeRXA3c",400
"18SM2njYwGkJvF4cEcsujpxvxzb3LgRSGj",600
"18Q6GBicPQuZK6Uz2z5MbX7fjZvcpo2F54",600
"18Q5U1upjgc2iEEW8fApZUePUrCaUAFDNv",400
"18Ef8f8pgykdzGj1mmxigdHXaRFLyzgtaL",400
"182qVpt7SAFi1Gt1iMpPDgiric3D55uo7",400
"17xoDvBKcuScaP42Ati52DB8K6tv8EAp52",400
"17u6XWWkA2ubRhB5NkjwfbXuiri8bjUSWh",400
"17tosbXLC6b3unwr427ZQmGibFz1Cen2rr",400
"17gkzMXebKeTb9QrcTT7b2jZfJaUD5FhvB",400
"17fi7xV7Bz2YGZTXcCbSGVXt4YtSLr43Tg",400
"17eRNCQPCj1dnFZ735KkF7dcaL4znj8D8D",1000
"17dj9xuyPdDEWdu9TACwBUMu4b33Nwgok",400
"17WiJqM2NCwgp2p7H21njsnLNTtWvBmwCu",400
"17TVF4K2wadcmjr1RiumD22UNQRGx3YwJu",400
"17SZni78qcms4uS28pHYkDqaBMd88M3zHa",400
"17RZjfaXgWwRoevrysSGUcDQ5KkTSbTjfC",400
"17QxKKQsJMsFbRXDhEYF1LLf1hnL7cbDP8",400
"17Q3hmVpopHjqfMJojVAgyEr4k8CVDetAA",1000
"17N9EWHt1F52zVAS9PCfHadS6M44piMcgw",400
"17DJ53jWiXYYGfQpkS51NXBe2bGw8NjAGo",400
"172iGd6WidsmtFxzcXpys9GHtzFG8pHJCD",600
"171MmHNFoSvcCYx9NvYg6D3auryXQ7ntXH",400
"16yhp7WJVhfnFAAHnYSWwPyt35gRXi87Vz",400
"16vcNhWRQYR89CsTEtQ1yR1X3T2ep8mZaf",400
"16uRaknDG5T6hLJz9429KTN4bekYmFebJp",400
"16qBug37r9GQfonPjGeAsS5hMujjMTQW4i",400
"16jkXWZ4XpTFRXdd4c3yZTR67LLxy5CJ14",400
"16bSskUvsxviTocwwRpRkE66M7Do6byTrB",400
"16WUDEoXvYbxA2m2GCBMHSq3tqToXw2Zpt",400
"16UeeuN3Mwh7w2mzU3JcCsdy5HJnNfPFRJ",400
"16TEsPQBg2tY5PVgY5n65xvLQuvXuYaH1V",400
"16SYsUh5fM96wCsCSAc1KTraxSi3DxYuyb",400
"16PX6nAfuohsYnKFgfuN21nhNx44y5Hm5B",600
"16NWzpsubWBznAntgqXJrg5XyX4j2dnCr9",400
"16DLYSLBcFfZuopv2UivH1gAaaoP9maNm8",400
"1671PqxLNe62jJGwiAShFXQc5piqsjLm6n",400
"162GEH1juyKVFdoAstRuXaKe5sc4tYHMby",400
"15mnTzDiTd6nDTugEb2SECFZSfuZxMD3Cs",400
"15krAFGT7oVN7i1a6rwPmcF22V46agso5e",1000
"15hVwAW1Gec4nkbej6aLNA4mCEJFiEbwM6",400
"15hFjSMadbWpWMzjW8MMsDBKvWXEv5FcrQ",400
"15XkKdT5HcqDbukM5FSWAdCfgRNoxUduMA",1000
"15Q4ojydtq3hxpVpiN3WFfTe95fg9yAWKS",400
"15FAJko2QQoDqFqfhx5dabLabDTyHBt7L5",400
"159uRhZ3nGdzpr7Ly8RqCoGQqnkaGSDAPg",400
"156Ap5qsqStrLwUygyiH3MiKmc5tDcTJe9",1000
"14zShLMWcYfRF9FdZxaWHCS1nqPGE38U5S",400
"14qpQ16Wb8GeU7SLnW3GSzb7zq5Ti79iZK",600
"14jNM5iyZJUxXTBj21K7NcXuNxW46pbuha",400
"14ez8BcYnqMvC4nbff4XJTqktNHsf399hh",400
"14WhdH6MWNutZnLhMJwvAQPo4p8MERNRS2",400
"14PgPD7ah8fVPR4xqQcozyURi928qC1p7C",600
"14G6PaBe8fzuNre7T67seXvrJumWEHS61G",400
"14AtHhfEnYDSpSGAU6yU4BWSKLWn17EVCe",400
"148wiWyvyzsZvVunGNYHfk1v34dxQzdG4w",400
"146Lm3E9s5E1aEMpgn1ifVb8Hyedt3D6vS",600
"144avsrrojF2ZkT3uMCi7St7nJt1iNQM1G",400
"1424jgqTwSVSHAyUxVC9wdTWBrDGfLfcq1",400
"13y4nywLxwAVphCrocjt69677cvMjZ28cM",400
"13j32QnrLyNeH7FnvxERqrHpMGvVquUUua",400
"13ZVApPk7z8xzPn738hEHhrvLwXyawRGQK",400
"13LijGvToGqgQEVzAnt4wgTGKtpG2uKuEu",400
"13GdNiniqQ3dLnkxkkwjsA42468z3b3svr",400
"12yCYg7aP8AGDyXjsKrr9rVfgrcejH3YYB",1000
"12xVFwLV3nGmfNx92UhNjnSyHMiWLZcyHY",400
"12xM3pczn5T8466T4bTyMRmTraJtqp2W9v",400
"12nLwmtksoVWEV5cr7sU2rDY98mtsHf7C6",600
"12jGFCkQyVPPBwcmUNbiiJYmQyx7trAPDw",400
"12f2V155kx8GfKPSqQAJMsp9xE1v5vmRWs",600
"12eDnGqGdxrMSMQGr6NLgexZ2qbPKHAWuR",400
"12crzF1fzE8iJTLMa4URqvWekkV1DUgLEm",400
"12ZznzDaCqQXA677JtddZStLNYmi3tb3zb",400
"12RuXFDQt5iLUT9nk2XrcpDSC2eR27t28Y",600
"12R3hABFZrVEZyG6j3xhMzZiCMeUGgxsZB",400
"12PAcwisBJYWH6EDMMyBtZqpNKty3RSV9o",400
"12F2UeFjRDGQisp7LXu7S5uZrZT4vUGZAb",400
"12DhoAyXpmVchbnR7JD7CKGfTnRPn95rFf",400
"12AaUtFVKYQT92dVNqg5R8MucQhrtMg2QB",400
"1218c5mEp1SdJLof8z9r3VbNTCfFVYee6D",400
"1133o9WSjL5H7fvBcYUAwCsEWVmZVPyRRH",400
"112rmxuWpLSwy4SpxtB4g2LuoyTwRK4yDo",400
"18K5rQ8SsCSM8gL9MQBaYbPiUYgoApWfuv",1000
"156Ap5qsqStrLwUygyiH3MiKmc5tDcTJe9",1000
"1KdC3sEoeH4AFAd6QhWEAoL8GiJhvM3fkU",1000
"1Mq4T3XRfTTxWkhyP9XQENm4V36BJqr7Ys",1000
"1Cw3Kko45WpnxNfJLZWZ3dottGbkpD88eF",1000
"1GBKs99WSDZnK6BiQaQKyvdMyLVfsvj7YH",1000
"185tdybvDpxyL1EEmdorTJJopH33kVNP2w",1000
"1CA2xHy46DUwiusgRDFSLJYypSyXAAWJJP",1000
"1MQf8R5gUNYSubbDfxKygn3CsssHBiCGXK",1000
"1wFRbBYtobmsGgpfSvTuWdoUiRXAfGAg9",400
"1uyCHMK3DydjPh25VHuCfmMSE9jQNd2NY",400
"1osmXqwhYxtEHkx81E3fkQJBLR6imE3QK",400
"1iVGhf6XDw2JRTHnBi9JTzNb5k66gUkrp",400
"1fVZ7NeGABCSiomMTJAKLsVw8uxuWE6MG",400
"1TLcm2JW5adP78gRExKUfbUihwmuCuLwp",400
"1S5zvY78PEtYfNedL6KsgWpj3Le3DDLHF",400
"1QFNGqVgKEoNXhWPgzzdm3gTSV5W5Rm4Nn",400
"1PuWPBTJ1hvbfdGk7ggsAq53GmPubp7VWb",400
"1PTJaevvR68nFsF9SQCLzoXNBo4nbVfrLX",400
"1PQrU9F7o1MuE58S3mrTSaRpTL6njjvzED",400
"1PGP3izS13i9sjNYdvqsbTcxeZq9JTw3dn",400
"1PEYMEiT3mMaRMgZn5in1EnpJM2ZggQ4Lp",400
"1PCj7NBMBqFeubkhQXcCLsVRjiHJ4r7eNt",400
"1P6mubnxcWep9X45XQoeX7q4XF7WHWfpQw",400
"1P5WoH2FaEjoA6Umpu52J3YT7xRYticb15",400
"1Nxf8R3v66b1MqsuRNVBEVZN2yMqhXevr3",400
"1NqHVwN4QCN9wiZM75g6hzWCje8ceArrfH",400
"1NJyURmoG88nwLtes3jtMfmJ1HtTMpkV1N",400
"1NJVuXpRAnFLpWYFxJnDGAj8wmnzBwGDN7",400
"1NJ9jv9m4ftsDUEuxgjnfZjM32XMVhpkkC",400
"1NFRRZZWSmfvcA2fo5bzHGgUvdoY7rKDqk",400
"1NAj5WX92F6tF9HYkPS2FRrb9LvuSDPyER",400
"1N8Rkc7KKjVXkSBP4CaMjynYgyMbkHHtCi",400
"1N6wQRSxX9gZ6HBQBdLgsdqvNYm3LZrbNE",400
"1MYYQR8jh8YGmrebc4rceKBxHSRPddqAmU",400
"1MVbSK1CLBpsd84FHpy8ZH9rLDxwu6HbrN",400
"1MQUJC9W57VsDp4HyhiRirH3QmAfUaGKaT",400
"1MDWFxXtVAUryF8SeYbxhvWVh4qTRtE7qU",400
"1M8ENgsDTGJT8wRxDV8BoJ7WzaTUKfsiLq",400
"1M5GcnXKrn6C9UmGhuuP7iPZV2FhTVgPS2",400
"1M2pDkmxfnzRLA1mavxbQsaEXx2FFP6FuL",400
"1LuDCb2VCpFYp8aksQk9eCFEmMF1Ls7t6S",400
"1LcgNfBYGUcTD4drDtbXTqrwmWiooRYT5u",400
"1LWTUpvmRJ8xXiffNvNVVC2FkmiXL3coEw",400
"1LTtmF1Jx5RVJvLMv4s4s9nQh5CMkvWXXh",400
"1LThYER2wT87kADiSXZnnrJm4Xebqtkh9g",400
"1LNHt48rcUY294wnL5iCC3L4ZLjZXqCPx7",400
"1LKyqMSNqZrYcyPVPbGNLbyq25y3uCk4GG",400
"1L94JaZSaReXiNDjdFhXGmkfPcbWYG6ATN",400
"1L6C1pbL75jTtbA71q9NSuD8L4yoP8MpLG",400
"1KypG8oro7dewa1xtZptwHuQaWsN2uo2qC",400
"1KnkAj8ZdfwfzbGXBCE6rXeXfPo2e7GkxD",400
"1KZ9oEHSCZ9772fsJXijmbNgjre6kKpJan",400
"1KYEgQweLyU3ByWcgSSwoVKBqM3aYYknGW",400
"1KLZG1KAhSmXx2W2k675WsXCnjXc9tGAwN",400
"1KFTCcDeE9ayBb5WBNzJHUP7BYy51xQ6Gm",400
"1KDDjz43Jo4MfWZL5Acmpd2oTTE9MTAa9T",400
"1JozefPTC9GF73wWKbMJxpgpAYWdVtZ1ji",400
"1Jjiob3iSHnBbjdcw8y3FKpsy3V4iSd8qz",400
"1JFfxwfTdKs2u1rEWVq3G5QmkurwRHKuTJ",400
"1HyC54UUtkYMUQyGz16BSwmAVXS8r4ukJG",400
"1Ho5k8xw4grJoBHn4KuSKJYaZW1SEQGVcr",400
"1HjuHZs67Ge4nhMiSGVhGBBsxGhyCdJ7qC",400
"1HE37pcoTuxatJitBPmos2Kk9LSMe7XToT",400
"1H6QFzCqxvTgpcEGtygQivy2qmPEN8obqm",400
"1GtCW9ddZtouxmQhXUucuYWWCHMpSTinUy",400
"1GcR6ibKcDv4ikPePweiJW8CKk4WAaZK6W",400
"1GQZZcCSUav2bqiCnF2TPZpEHQvUjuuukq",400
"1G73n624jLCSeSt5AC1PZH8FxWRRKepys7",400
"1Ff5bywAuh35ypFy3EunbSv8bxwysYrj6G",400
"1FESQGLiMhCcTv3Xa7cjajSPGmqog7Rm7X",400
"1F63Ftf4iVsVaDhwCF44KbHVmimMWwAbPC",400
"1F4kssGBqyoSFi8pP2uDacExmA9nezF8h2",400
"1F1qqYnM117mL2tiabFDQvLp1Nws2y22n1",400
"1EzTAjpEWaBJt4WUvVebGayDoYtwkDfK2z",400
"1EuDrMCS1iwMRycoU3TLdihjfeUoCNJ84Y",400
"1EkzayKcNiHEdAQNzmjHW6tckBZPiJbJbq",400
"1Ek2SWYtqWrffPamyE5dxfemi7VqYWwDLK",400
"1EiqabW1bAD3xyWVhZEisSL2Rw7FPmRoQZ",400
"1Efokf2aJUcqtVQzNfgEn1nydvb3y5wA2E",400
"1EdKrQfExXkdZyUzCkjGcAGxWhF1zpmPRc",400
"1EMPgxXduTCpbD6AR3mQTiXUx5fpnjXgsL",400
"1ECUpDTKtVx38oMxAAjPJAhAzYy5gCTsDk",400
"1E1SBuUP3UQvH6BMxPtU9JzbsF6zo29TTw",400
"1DtBwYdSFzC9C7US1WzUmvP3MLu6zP2xYS",400
"1DZJM7VAYEGdspkG98sniLuFPvJ5Wxeuqq",400
"1DRtDyF5hXqUw2jVYUqpDNd9HsK1GUcgr",400
"1DEZd9aawYNzkbuAJUr9WcasdDBMMyTpva",400
"1CdMvPibk6AGFfmyVMa6fCrf9bznH98jbc",400
"1CVkFq4B73o8BDBs3XrSeDEpqZkDvJ3Fio",400
"1CEc4AH2i8uvWkHxeFgo1R6f4p1NcArnYY",400
"1C8az5NHBA9ravBPR2SRU5C2PwntF1kaYk",400
"1Bp6nVCmD5qxS4bAreQHrJ4uS9meCkKnvA",400
"1BmbtWttgkLUp2twTVkNJBvWpB9VszcfNU",400
"1BjcTbfEsn9ibEmVDHdCuAi4WunwVtNYuv",400
"1BXoFcj9nnWCpfnfMwAWdsvP7hoEtxJq2i",400
"1BWSnZ6Uys4owJFaphm1Xg2bTUSNx13A81",400
"1BTnPt7nLA3jvyXqYGJ3RZzaJhAC4iq2MW",400
"1BEY4JnPQvenBLBLwQHn29dJcTSwdaqkdF",400
"1B5qfe2fHVxs69sJnn8tiLShNFDfcs5oKj",400
"1Awy4Y9sUiTbGNrvrJKLtQ5hW2WBMfahCf",400
"1Aq6hRL16ZkZzBxswVA8TPEDmgjNskw7k1",400
"1AmvdZmZJQdU2SmfvetgCLuujvpHj8cXxH",400
"1AmkJTm42yBWm5vMMfisUJXfV12qyw3qit",400
"1AfjNaKJv22hCLsXaZ68hEiLQhxbvjat2m",400
"1AbGZvZidSngqxf9Kq9dWk3uBVTv9qXsN",400
"1AaU6ZoeAf9kiGuTpBTuigzbGbsMGSK8KN",400
"1AMuFQUnkrhM2wPAYdotZvp7GziH9gyqCu",400
"1ALPGAiDCciyj2d9kHreoHGPnLGGaB489T",400
"19vt4k1Pzb348b7WEkwepvAfoMTLzaYijn",400
"19uLdhNepPhKfVDdg4D1NPThpYFnByBLoY",400
"19jsGeUPyp5hC7dtTS1PQiwLjpeWaURoAd",400
"19j8Fj2ndFZs64iK9LAvHaoxtMdMbmTVbc",400
"19HFtgjQMDqSdQDEfmGTiH6Ndywz57iVgh",400
"192hTkkWtZjQxtQyPMFYFrtDcwTCoED5UW",400
"18nSEuybsUvERGR7zZv1mtiqLYATXLQ5Jo",400
"18kijXxtFFZXJxm22z4kg1coxKY5vrd7KY",400
"18kM8Mff9M8H3hnjHeA4W95kFhHetD9TyN",400
"18em2ZrDA5twWNfvDBztzCpsemM7pTUj7w",400
"18cwQ6G6SEn18vBqAppNWx4BhVWnnNezSK",400
"18bikVE2wa1d52z9yMjWHt8eSW92LREKkh",400
"18aaMvmRqBDvyC8kufV61jVMeRRNzUPtSe",400
"18Y67oA3Sp91pwcutfsxXuxyPGqjeRXA3c",400
"18GHXsmoZEvv8MjKv1eSmg3gxaPzQXqkmd",400
"18Ef8f8pgykdzGj1mmxigdHXaRFLyzgtaL",400
"18D7JyPQPs2WSTjE3gMGWpDAojcRJ4UyUg",400
"17nXxbaG2TstZiEM1wPcf3RKEs7ezeRYeH",400
"17gkzMXebKeTb9QrcTT7b2jZfJaUD5FhvB",400
"17fi7xV7Bz2YGZTXcCbSGVXt4YtSLr43Tg",400
"17TVF4K2wadcmjr1RiumD22UNQRGx3YwJu",400
"17N9EWHt1F52zVAS9PCfHadS6M44piMcgw",400
"17DJ53jWiXYYGfQpkS51NXBe2bGw8NjAGo",400
"178jcuBU3tamFSzBqhEdqSp1ohAHZ9d2nr",400
"174C2EEGDBdN3yP1YpxLBudRhGxy8cnUAQ",400
"171MmHNFoSvcCYx9NvYg6D3auryXQ7ntXH",400
"16uRaknDG5T6hLJz9429KTN4bekYmFebJp",400
"16nrQUTp9WAbVipkCoK6C35w6YyagXK9jg",400
"16bSskUvsxviTocwwRpRkE66M7Do6byTrB",400
"16TEsPQBg2tY5PVgY5n65xvLQuvXuYaH1V",400
"16QJSLoXK3GV38tBmot3LtYQXB5GbrxCWv",400
"16PX6nAfuohsYnKFgfuN21nhNx44y5Hm5B",400
"16NWzpsubWBznAntgqXJrg5XyX4j2dnCr9",400
"16Daq33oawFdoGVPaidqVLpFx27NNq71xe",400
"1671PqxLNe62jJGwiAShFXQc5piqsjLm6n",400
"15mnTzDiTd6nDTugEb2SECFZSfuZxMD3Cs",400
"15krAFGT7oVN7i1a6rwPmcF22V46agso5e",400
"15XkKdT5HcqDbukM5FSWAdCfgRNoxUduMA",400
"155gSp3ERKYwtw7r7C7FyBxprwBiHAKxgi",400
"14uVJ8PSAn2EVDPFAN4WZRXuHR5YiQC4iZ",400
"14fST59Ny9VBBtFxFF1i1C5WApPwTd5iDs",400
"13y4nywLxwAVphCrocjt69677cvMjZ28cM",400
"13j32QnrLyNeH7FnvxERqrHpMGvVquUUua",400
"13LijGvToGqgQEVzAnt4wgTGKtpG2uKuEu",400
"12yCYg7aP8AGDyXjsKrr9rVfgrcejH3YYB",400
"12xM3pczn5T8466T4bTyMRmTraJtqp2W9v",400
"12eDnGqGdxrMSMQGr6NLgexZ2qbPKHAWuR",400
"12ZYxd3hiHWFpJ37DxWy3wSA7u6Z5y1TWq",400
"12RuXFDQt5iLUT9nk2XrcpDSC2eR27t28Y",400
"12PAcwisBJYWH6EDMMyBtZqpNKty3RSV9o",400
"1253SV1iRhrH1iQ3ujFY7YxHd1PLUp66iS",400
"1218c5mEp1SdJLof8z9r3VbNTCfFVYee6D",400
"1129qZbP7Zka3Sn3ww5fMR1nVYqq7hGJ1f",400
"1GppAYqZpqRmx5jQcQiJw3H7BVej7jaBPn",855
"1GC5EMPrh3UB8oZAbM5yrJaUBCXSFS5GJu",26086
"13kVDNoNWh19jTqQ4Ga3KerhpXVdV2Y9XC",8
"18cwQ6G6SEn18vBqAppNWx4BhVWnnNezSK",14
"1LqAiuTSK2KjXtibL8iZA4DEQhGL4MjjX3",11
"1FTx3Jj17w6SPtj1Rub6t5xRqGqkcCvNNj",5
"12ywCktz2St6bmpYEVXFTj9yRANqUPG6Yz",1209
"1Awy4Y9sUiTbGNrvrJKLtQ5hW2WBMfahCf",9
"1FdcBichMwFx6C3zjWqgC96j6FTeFocj9L",903
"19yjxjcfc2DGRtGEzwVkmPkDiBZ4EGC6Wv",8
"1LFVuyHB6p6uixugB7PUxUvr78sxC62nA8",404
"1LZuhVRCoJetB88x814QWqUcSogPcoT6y2",417
"1GvPYNfMNGwaoN1b1SZy6JK4Zm72ZkK6HN",313
"1Q1ub4f2J2ST2obvyA9cgnfgCf8E1vGxDE",14
"1osmXqwhYxtEHkx81E3fkQJBLR6imE3QK",404
"195RK2kUTiNGspe9k9KdVoK4ES3gNuos4G",1200
"1M9fdXKirajPHcPXTAJk7qnSy4hNJhGetY",4
"12AAmF7HZSPVhYdrq7tUFNLUNYRTof2RMm",6
"13kVDNoNWh19jTqQ4Ga3KerhpXVdV2Y9XC",8
"18cwQ6G6SEn18vBqAppNWx4BhVWnnNezSK",14
"1LqAiuTSK2KjXtibL8iZA4DEQhGL4MjjX3",11
"1FTx3Jj17w6SPtj1Rub6t5xRqGqkcCvNNj",5
"12ywCktz2St6bmpYEVXFTj9yRANqUPG6Yz",1209
"1Awy4Y9sUiTbGNrvrJKLtQ5hW2WBMfahCf",9
"1FdcBichMwFx6C3zjWqgC96j6FTeFocj9L",903
"19yjxjcfc2DGRtGEzwVkmPkDiBZ4EGC6Wv",8
"1LFVuyHB6p6uixugB7PUxUvr78sxC62nA8",404
"1LZuhVRCoJetB88x814QWqUcSogPcoT6y2",417
"1GvPYNfMNGwaoN1b1SZy6JK4Zm72ZkK6HN",313
"1Q1ub4f2J2ST2obvyA9cgnfgCf8E1vGxDE",14
"1osmXqwhYxtEHkx81E3fkQJBLR6imE3QK",404
"195RK2kUTiNGspe9k9KdVoK4ES3gNuos4G",1200
"1M9fdXKirajPHcPXTAJk7qnSy4hNJhGetY",4
"12AAmF7HZSPVhYdrq7tUFNLUNYRTof2RMm",6
"13kVDNoNWh19jTqQ4Ga3KerhpXVdV2Y9XC",8
"18cwQ6G6SEn18vBqAppNWx4BhVWnnNezSK",14
"1LqAiuTSK2KjXtibL8iZA4DEQhGL4MjjX3",11
"1FTx3Jj17w6SPtj1Rub6t5xRqGqkcCvNNj",5
"12ywCktz2St6bmpYEVXFTj9yRANqUPG6Yz",1209
"1Awy4Y9sUiTbGNrvrJKLtQ5hW2WBMfahCf",9
"1B17Zh95h5eZ9VTNag9e89qabbshUiByLr",1204
"1FdcBichMwFx6C3zjWqgC96j6FTeFocj9L",903
"19yjxjcfc2DGRtGEzwVkmPkDiBZ4EGC6Wv",8
"1LFVuyHB6p6uixugB7PUxUvr78sxC62nA8",404
"1LZuhVRCoJetB88x814QWqUcSogPcoT6y2",417
"1GvPYNfMNGwaoN1b1SZy6JK4Zm72ZkK6HN",313
"1Q1ub4f2J2ST2obvyA9cgnfgCf8E1vGxDE",14
"1osmXqwhYxtEHkx81E3fkQJBLR6imE3QK",404
"195RK2kUTiNGspe9k9KdVoK4ES3gNuos4G",1200
"1M9fdXKirajPHcPXTAJk7qnSy4hNJhGetY",4
"12AAmF7HZSPVhYdrq7tUFNLUNYRTof2RMm",6
"1GQ5d2HfdyGMXE1vVMAiNJmwLG6hLU1LQV",2117000
"1Bqs7YE5GG842bbQ9sLdSGSGs28y4uXTiD",2678600
"19vDqAtPdbHZkApAJnqRE52ynCiA7D9ygR",780823
"1B2LMYpqxXdFMQ4vSCPQvLjKcKDHWVJVQ9",4184801
"1E3qsZ2a2SsTv3BHqGp76zx5yDSqyvhLbc",17210
"1PRFQdSFnEdKzZaS2gRVLfcVSWmNd6Vk9K",13040
"19SStpJERPtkKqJSn3BR8A3XMec7mqDhwA",22560
"1LU5XzDmaJBXcGqNV9W5UuSpM8Fkyf8PCq",22720
"1NtYgE3gHJn1L96EWYxmvgpBDLKdiMSfFe",10400
"161Sw51qKXuKerf3ZjwEpADaEA67zeMZcV",17200
"1DmZLuCvNaDKcAZP77N8kddphULE4rBN2C",26720
"1CtfLoDTChMCo9u92S7Qm6PcpQoE1dCoiC",14080
"1Fk3wjiZnsBK4jvXkaFDn3iEm751YgYDBu",10010
"1JhiQWjLtVqxXY7gePJXHUTbGbUrvztXpw",16810
"1BPrc58wvjDQTf6RmHMzd4Mj13pifobpi4",13120
"19VVK7q4jrd6Jm5aDP6SNzwh7dGsZYC3bf",23520
"14iq4KBiKZzQw5APvfV6yhoBzezHK6Ram9",10450
"1Pccj9CcDYAp56HvDzU2USxG8KbVfBZRP9",12480
"12GXRcAgAtxP98Koz6VGcBfecRJomjETty",13970
"1E7fwHrRTy8ntE55G9Aizaqm3MhmmPWpa7",24800
"1fVZ7NeGABCSiomMTJAKLsVw8uxuWE6MG",16240
"173XLibDK55gyWe1r36p9hokWhQetAmJiq",15280
"15YP6u3LMgaU1kUoAPYULxzM6evCVtdCHf",16210
"1QK3DQtMofdAea5yoiBeaCGgn33GwQCcaA",10166
"1GtfGVRzycrSKQcX95rb6WAprnkqMCLDB9",16960
"19FcW9KH9pXA3Y9iVqPBucXnGa8XyHyPQN",19840
"15eqEwkcxZTivJdWanj37fhMZbdcr5zUdz",22720
"1JkQwVcriVokpnzoHji1o8HdzjQzjAoYB5",17120
"1LdhyNq5YKfaXvTtMPSYi2WnudS4YbUsf8",17535
"1PT5vk1ruD3btfAG9NnLdJL6A5sgP2pXZv",859853
"15awDWfsKg5LymMfX3xnaMU3bGJvX426aW",1201948
"1GV5V792qcjdmMMJegPCL9QpzELJ2iRUzq",40000
"1EZteBPvPqxq5btEVuVkP3AreqmNMfqFCm",11000000
"1dERVN8YwroRnFogG8Z887FWkPvBeZAuH",7109537
"1Nuiaz62tSubZMvgFzFCVhi2LFnLCLxLi1",1016096
"1CPsZosggjMTjBHk3vBGWz9kf1ZF8CQ7ZE",4046317
"17qdaasVHWeTSfxQmD8WE9gAV1GJihBfyk",1009347
"12vZp6Dt5xARk1Q3AAT4axt9regyZrxoT4",1331543
"1Ctx3VFxKXKzrKdMMaNzLLi2vUTnJVUctt",1000497
"1G55baZ678CSxM4v2uSbgBYNffHefVCVAo",17990000
"1LSJAvQ4L6XQYLZ5H92i7RAo2eKjb97QSw",1000000
"1EoKjWfePdKBJ3DsY13rwcEarmh98hVt8f",5000000
"1GgKgNCTe87LET5c5sf6bG3B4iWw6eaXZ4",1000000
"1JpgGTz9fGgRXzYLkkkYEYGeKcTEXwQrXA",30000000
"15SvW3iqkzm1W9c12bxKpzTA4k8trKX76L",772441
"1MejyQWn4jGHLQpKy8WABbMrUijKGuCpDJ",275994
"1Pu2rc1sgQ5Gttc6HfGCSJB9GruAAqw4Us",347048409
"1CccWjcabouPK2BhXyz651hPmZS8uL4Mmp",110000
"1H4BELNxoVsN87abNq7eQffhvknaCU7QHc",795465
"1Pe7jhQs3cHGHp13yDDQHD1ucDG5YJwa77",2550000
"1BHA7KKUytszWXjcKtDu8GGZr3Gnx7FUox",16272451
"13kVDNoNWh19jTqQ4Ga3KerhpXVdV2Y9XC",8
"18cwQ6G6SEn18vBqAppNWx4BhVWnnNezSK",14
"1LqAiuTSK2KjXtibL8iZA4DEQhGL4MjjX3",11
"1FTx3Jj17w6SPtj1Rub6t5xRqGqkcCvNNj",5
"12ywCktz2St6bmpYEVXFTj9yRANqUPG6Yz",1209
"1Awy4Y9sUiTbGNrvrJKLtQ5hW2WBMfahCf",9
"1FdcBichMwFx6C3zjWqgC96j6FTeFocj9L",903
"19yjxjcfc2DGRtGEzwVkmPkDiBZ4EGC6Wv",8
"1LFVuyHB6p6uixugB7PUxUvr78sxC62nA8",404
"1LZuhVRCoJetB88x814QWqUcSogPcoT6y2",417
"1GvPYNfMNGwaoN1b1SZy6JK4Zm72ZkK6HN",313
"1Q1ub4f2J2ST2obvyA9cgnfgCf8E1vGxDE",14
"1osmXqwhYxtEHkx81E3fkQJBLR6imE3QK",404
"195RK2kUTiNGspe9k9KdVoK4ES3gNuos4G",1200
"1M9fdXKirajPHcPXTAJk7qnSy4hNJhGetY",4
"12AAmF7HZSPVhYdrq7tUFNLUNYRTof2RMm",6
"1CThD9VuQHhrsnYNrS4akmjvKdnZiZynji",43500000
"14jyZ7Rm2XkeVs5Ja2YBYSZ1MCC8kUnhez",900000
"1D42jR4pW4GwoMagJTbge5deK9KnXfXfY2",347000000
"1GniBUenEuViBpvBP7iS4tuakJjw2T15GX",978450
"13kVDNoNWh19jTqQ4Ga3KerhpXVdV2Y9XC",8
"18cwQ6G6SEn18vBqAppNWx4BhVWnnNezSK",14
"1LqAiuTSK2KjXtibL8iZA4DEQhGL4MjjX3",11
"1FTx3Jj17w6SPtj1Rub6t5xRqGqkcCvNNj",5
"12ywCktz2St6bmpYEVXFTj9yRANqUPG6Yz",1209
"1Awy4Y9sUiTbGNrvrJKLtQ5hW2WBMfahCf",9
"1B17Zh95h5eZ9VTNag9e89qabbshUiByLr",1204
"1FdcBichMwFx6C3zjWqgC96j6FTeFocj9L",903
"19yjxjcfc2DGRtGEzwVkmPkDiBZ4EGC6Wv",8
"1LFVuyHB6p6uixugB7PUxUvr78sxC62nA8",404
"1LZuhVRCoJetB88x814QWqUcSogPcoT6y2",417
"1GvPYNfMNGwaoN1b1SZy6JK4Zm72ZkK6HN",313
"1Q1ub4f2J2ST2obvyA9cgnfgCf8E1vGxDE",14
"1osmXqwhYxtEHkx81E3fkQJBLR6imE3QK",404
"195RK2kUTiNGspe9k9KdVoK4ES3gNuos4G",1200
"1M9fdXKirajPHcPXTAJk7qnSy4hNJhGetY",4
"12AAmF7HZSPVhYdrq7tUFNLUNYRTof2RMm",6
"13kVDNoNWh19jTqQ4Ga3KerhpXVdV2Y9XC",8
"18cwQ6G6SEn18vBqAppNWx4BhVWnnNezSK",14
"1LqAiuTSK2KjXtibL8iZA4DEQhGL4MjjX3",11
"1FTx3Jj17w6SPtj1Rub6t5xRqGqkcCvNNj",5
"1A7LBhDFZPd1RMVz4osoTccxsPGgFTqLQp",4
"12ywCktz2St6bmpYEVXFTj9yRANqUPG6Yz",1209
"1Awy4Y9sUiTbGNrvrJKLtQ5hW2WBMfahCf",9
"1FdcBichMwFx6C3zjWqgC96j6FTeFocj9L",903
"19yjxjcfc2DGRtGEzwVkmPkDiBZ4EGC6Wv",8
"1LFVuyHB6p6uixugB7PUxUvr78sxC62nA8",404
"1LZuhVRCoJetB88x814QWqUcSogPcoT6y2",417
"1GvPYNfMNGwaoN1b1SZy6JK4Zm72ZkK6HN",313
"1Q1ub4f2J2ST2obvyA9cgnfgCf8E1vGxDE",14
"1osmXqwhYxtEHkx81E3fkQJBLR6imE3QK",404
"195RK2kUTiNGspe9k9KdVoK4ES3gNuos4G",1200
"1M9fdXKirajPHcPXTAJk7qnSy4hNJhGetY",4
"12AAmF7HZSPVhYdrq7tUFNLUNYRTof2RMm",6
"1Jj1UDhF3GSjHnCJcQ8Rf9BmTwEjv1DQiV",350000000
"1BmaEo7qY7kpH5qH2fJk3Z7C3ukETwo3fi",12495000
"1ACoD6ToNresmeV5BEC88Rmd4HpFSWop81",50000000
"1C5LHBqEddpeb2L9iEihYEE1vRaN9YfC1P",8041987
"1E3kuQC5keuq5GfEhcv1haJ1j4HunFVws1",1250000
"1QCKPDXv1SZvJQyiunKsVdHDBvCrYg3WEt",70000
"19BxFR42fBBvjaGwXaf6Po6cfqoZwKHNEt",155000000
"1686X1usfDPB6LuqBwMArjico8t1KWiJat",10000000
"1HxVFKVJ46cv7rvWsCBTawEpvbPFjNK8RC",9900
"1DNbp167fEghGodk52ue4dKocTxGDMcZ2j",1396160
"13kVDNoNWh19jTqQ4Ga3KerhpXVdV2Y9XC",8
"18cwQ6G6SEn18vBqAppNWx4BhVWnnNezSK",14
"1LqAiuTSK2KjXtibL8iZA4DEQhGL4MjjX3",11
"1FTx3Jj17w6SPtj1Rub6t5xRqGqkcCvNNj",5
"1A7LBhDFZPd1RMVz4osoTccxsPGgFTqLQp",4
"12ywCktz2St6bmpYEVXFTj9yRANqUPG6Yz",1209
"1Awy4Y9sUiTbGNrvrJKLtQ5hW2WBMfahCf",9
"1FdcBichMwFx6C3zjWqgC96j6FTeFocj9L",903
"19yjxjcfc2DGRtGEzwVkmPkDiBZ4EGC6Wv",8
"1LFVuyHB6p6uixugB7PUxUvr78sxC62nA8",404
"1LZuhVRCoJetB88x814QWqUcSogPcoT6y2",417
"1GvPYNfMNGwaoN1b1SZy6JK4Zm72ZkK6HN",313
"1Q1ub4f2J2ST2obvyA9cgnfgCf8E1vGxDE",14
"1osmXqwhYxtEHkx81E3fkQJBLR6imE3QK",404
"195RK2kUTiNGspe9k9KdVoK4ES3gNuos4G",1200
"1M9fdXKirajPHcPXTAJk7qnSy4hNJhGetY",4
"12AAmF7HZSPVhYdrq7tUFNLUNYRTof2RMm",6
"13kVDNoNWh19jTqQ4Ga3KerhpXVdV2Y9XC",8
"18cwQ6G6SEn18vBqAppNWx4BhVWnnNezSK",14
"1LqAiuTSK2KjXtibL8iZA4DEQhGL4MjjX3",11
"1FTx3Jj17w6SPtj1Rub6t5xRqGqkcCvNNj",5
"12ywCktz2St6bmpYEVXFTj9yRANqUPG6Yz",1209
"1Awy4Y9sUiTbGNrvrJKLtQ5hW2WBMfahCf",9
"1B17Zh95h5eZ9VTNag9e89qabbshUiByLr",1204
"1FdcBichMwFx6C3zjWqgC96j6FTeFocj9L",903
"19yjxjcfc2DGRtGEzwVkmPkDiBZ4EGC6Wv",8
"1LFVuyHB6p6uixugB7PUxUvr78sxC62nA8",404
"1LZuhVRCoJetB88x814QWqUcSogPcoT6y2",417
"1GvPYNfMNGwaoN1b1SZy6JK4Zm72ZkK6HN",313
"1Q1ub4f2J2ST2obvyA9cgnfgCf8E1vGxDE",14
"1osmXqwhYxtEHkx81E3fkQJBLR6imE3QK",404
"195RK2kUTiNGspe9k9KdVoK4ES3gNuos4G",1200
"1M9fdXKirajPHcPXTAJk7qnSy4hNJhGetY",4
"12AAmF7HZSPVhYdrq7tUFNLUNYRTof2RMm",6
"13kVDNoNWh19jTqQ4Ga3KerhpXVdV2Y9XC",8
"18cwQ6G6SEn18vBqAppNWx4BhVWnnNezSK",14
"1LqAiuTSK2KjXtibL8iZA4DEQhGL4MjjX3",11
"1FTx3Jj17w6SPtj1Rub6t5xRqGqkcCvNNj",5
"1A7LBhDFZPd1RMVz4osoTccxsPGgFTqLQp",4
"12ywCktz2St6bmpYEVXFTj9yRANqUPG6Yz",1209
"1Awy4Y9sUiTbGNrvrJKLtQ5hW2WBMfahCf",9
"1FdcBichMwFx6C3zjWqgC96j6FTeFocj9L",903
"19yjxjcfc2DGRtGEzwVkmPkDiBZ4EGC6Wv",8
"1LFVuyHB6p6uixugB7PUxUvr78sxC62nA8",404
"1LZuhVRCoJetB88x814QWqUcSogPcoT6y2",417
"1GvPYNfMNGwaoN1b1SZy6JK4Zm72ZkK6HN",313
"1Q1ub4f2J2ST2obvyA9cgnfgCf8E1vGxDE",14
"1osmXqwhYxtEHkx81E3fkQJBLR6imE3QK",404
"195RK2kUTiNGspe9k9KdVoK4ES3gNuos4G",1200
"1M9fdXKirajPHcPXTAJk7qnSy4hNJhGetY",4
"12AAmF7HZSPVhYdrq7tUFNLUNYRTof2RMm",6
"13kVDNoNWh19jTqQ4Ga3KerhpXVdV2Y9XC",8
"18cwQ6G6SEn18vBqAppNWx4BhVWnnNezSK",14
"1LqAiuTSK2KjXtibL8iZA4DEQhGL4MjjX3",11
"1FTx3Jj17w6SPtj1Rub6t5xRqGqkcCvNNj",5
"12ywCktz2St6bmpYEVXFTj9yRANqUPG6Yz",1209
"1Awy4Y9sUiTbGNrvrJKLtQ5hW2WBMfahCf",9
"1B17Zh95h5eZ9VTNag9e89qabbshUiByLr",1204
"1FdcBichMwFx6C3zjWqgC96j6FTeFocj9L",903
"19yjxjcfc2DGRtGEzwVkmPkDiBZ4EGC6Wv",8
"1LFVuyHB6p6uixugB7PUxUvr78sxC62nA8",404
"1LZuhVRCoJetB88x814QWqUcSogPcoT6y2",417
"1GvPYNfMNGwaoN1b1SZy6JK4Zm72ZkK6HN",313
"1Q1ub4f2J2ST2obvyA9cgnfgCf8E1vGxDE",14
"1osmXqwhYxtEHkx81E3fkQJBLR6imE3QK",404
"195RK2kUTiNGspe9k9KdVoK4ES3gNuos4G",1200
"1M9fdXKirajPHcPXTAJk7qnSy4hNJhGetY",4
"12AAmF7HZSPVhYdrq7tUFNLUNYRTof2RMm",6
"19eiMFyC1WJDdjGHvNcfDrzGzdNyz31aCw",6000000
"14LyzT4Q7TX8ykWeMrksBJ7PUoKtHpprpi",1000000
"1CfmyGgXYLsAK8efiTbC7ThT8T5fhcSndw",1000000
"1H7c9KPp116yUUMWZV3VDGQsQfCgURQGPx",50000000
"19oPVtMgvsk4EFLoJKJaEPKp16bmPth9zR",5056
"1NHtiXPbHdMrHAnCXqnop9DWmWGAhkiXf2",12435
"1KQ52TRUKWVmMopMYMEEUqNnAWsVuVXpyK",89000
"13xqALSDKYBYkswADRsTU3mkdYRTU5xNbo",49500000
"17F8AAbAjEeDVGwyCdGoMpYDscWQ6wrJpv",110000
"17PfpTVy2Ujo7Lcd3f2fGzELAVZJvVK4uc",10411278
"1LgibsT3LkfbdMe4JtRhmHJY5VqyXSeYkY",41745
"1HgFUTRGftDSB11tYdv62FnFp6HNB1ZB2N",46444
"1Czha5jzcKvuovvkfozL8SSxJRFtENoxH",815116
"18gJhCXGWUD8MpiCvG5rbr5qava857Lgpr",1634057
"12P1pn2r3AeSpzac2cjPiDBCuvgus4gnjf",1736206
"1D5qBArsq29qASazA9wNqr235s8s4A8hQx",1796037
"17ha1BYhDmear4WqThae681HzzHPT17SSn",1844666
"1H9CnreMwazFJVi15FmzPvvf3tbyFiLcAk",1858790
"1PDgjxWin9dtSoguMouPNsy7dLzLYmRcHb",2296837
"19LSHErBbSp8E8hA22FsNvq4MvVyTSmwGw",4721723
"12TeDqkdNWXYafpghVAdK4DTnec5KGtXRv",5100213
"1MSJ4ByGhS6HFT9Dqm9F8VtExvKHV273ES",11360
"17ckdBDZ5BSb3SZZyDgeuiygYswTXdx6hq",18160
"1NesSLHFDXByuH9opoz5MdKZd5rCWuet3h",14560
"16ZP53Casdgq1r25wmsrhzxecT8jxnSTAn",14080
"1DMz9wSTH4b2NCMFTFLiDmtQ6A9EVFrokB",10320
"19Vgf3iHp8N27DseU6dYJ9ebgSyeBZkojB",26560
"13DqcQciZhDPkzMhvvGN7KEmfZpYAvUFQ4",11030
"1HRsaYXhGU5VMRMWfUmTC232tuy11faK7i",18880
"1HQk4QzZq7FtwJFTFyKgQjr1Umi7BzMsWd",12480
"1PZRXHBjGGY3Zx4R3j9vJWZZkPew3KA8BV",17840
"1QHWLyb8A7k7sp7FYxX2bEiBu6saYAZ16V",22640
"19uFoazPiMVddgfswDsEL4y2WmimhdvvJ",25280
"167VyQAPJ3vu7cokMxEwmnbCZFQq56HmAU",13090
"1Libht18c6BG7jzm5uhxk2NNxM865WBrw7",28160
"1MWmpHYcuhSDU6GFCYb5QtsbD7Kx1B2MLQ",13120
"17gC6st5RQC6Paefn9xjFzUWFmyj65cFa",20210
"1QiHkvLgtxcVmG8Dz7gbBDDVT2FnY5V4s",19280
"1AUvnJabLd4GSGpetgk4fyuAKtS1SK7mGZ",13520
"1T49HRNYYtwcFXpjDRsX7ehEb6aok5F9J",12160
"1Fpmv39pB8VzK6RAPiyZB9RcZCVy1TTZNr",16160
"1JuAUHVMqvauL4iewayNFYvAGUKh3EyEe7",10310
"1DRtDyF5hXqUw2jVYUqpDNd9HsK1GUcgr",10480
"1LJjcuxdqFn6HbY72giosVVYeP55VNbH4F",14560
"1ESWxCh67F887dwdQwwLJAE6B6pBWc1mpY",10480
"14a6haXEqwFamnG621yE6BhAhc6T5Zjoka",19150
"12sYPMCtHrmErL8FeqJ7kxmmY1bWNGZLzc",535168
"14B5nMkprnCJ8UcGk3nnSF67EEvLXqEo3k",848433
"1G4g5y6Ni4BVu1u3n8PRJooiM7dwmAQUR5",646000
"1KvhrrRnWXQ7zcLjC87QnKKLMbobR9CKDE",50000
"1dice5wwEZT2u6ESAdUGG6MHgCpbQqZiy",1000000
"1525VEY7KDVC5JXqzLDapGoLAKb81HhX4t",102900
"1HEbFQFXBqkNjcz1qACB4J7Rzyrkn52P6z",100000000
"1G43CfvQcxY7VWQst1Ednb7e5mMbarDQDC",40000
"13kVDNoNWh19jTqQ4Ga3KerhpXVdV2Y9XC",8
"18cwQ6G6SEn18vBqAppNWx4BhVWnnNezSK",14
"1LqAiuTSK2KjXtibL8iZA4DEQhGL4MjjX3",11
"1FTx3Jj17w6SPtj1Rub6t5xRqGqkcCvNNj",5
"12ywCktz2St6bmpYEVXFTj9yRANqUPG6Yz",1209
"1Awy4Y9sUiTbGNrvrJKLtQ5hW2WBMfahCf",9
"1FdcBichMwFx6C3zjWqgC96j6FTeFocj9L",903
"19yjxjcfc2DGRtGEzwVkmPkDiBZ4EGC6Wv",8
"1LFVuyHB6p6uixugB7PUxUvr78sxC62nA8",404
"1LZuhVRCoJetB88x814QWqUcSogPcoT6y2",417
"1GvPYNfMNGwaoN1b1SZy6JK4Zm72ZkK6HN",313
"1Q1ub4f2J2ST2obvyA9cgnfgCf8E1vGxDE",14
"1osmXqwhYxtEHkx81E3fkQJBLR6imE3QK",404
"195RK2kUTiNGspe9k9KdVoK4ES3gNuos4G",1200
"1M9fdXKirajPHcPXTAJk7qnSy4hNJhGetY",4
"12AAmF7HZSPVhYdrq7tUFNLUNYRTof2RMm",6
"1CeSL5vLPdGaq58uREnmLan3eYaZL9LmEL",6161555
"1MkqBra13YJrpGJe2E95DWTzdAV5sGzqwG",715332
"18ZfFnM16vPSETR4DdtsemNCWB5rjg4ETF",2950000
"1HMbq4PBVWV6LooKoJaoxWf3AEX2C8TMdA",3000000
"1JQ3ZGQXwp1NSyLKWhQz6qckbaos4PMrud",37000000
"13kVDNoNWh19jTqQ4Ga3KerhpXVdV2Y9XC",8
"18cwQ6G6SEn18vBqAppNWx4BhVWnnNezSK",14
"1LqAiuTSK2KjXtibL8iZA4DEQhGL4MjjX3",11
"1FTx3Jj17w6SPtj1Rub6t5xRqGqkcCvNNj",5
"12ywCktz2St6bmpYEVXFTj9yRANqUPG6Yz",1209
"1Awy4Y9sUiTbGNrvrJKLtQ5hW2WBMfahCf",9
"1FdcBichMwFx6C3zjWqgC96j6FTeFocj9L",903
"19yjxjcfc2DGRtGEzwVkmPkDiBZ4EGC6Wv",8
"1LFVuyHB6p6uixugB7PUxUvr78sxC62nA8",404
"1LZuhVRCoJetB88x814QWqUcSogPcoT6y2",417
"1GvPYNfMNGwaoN1b1SZy6JK4Zm72ZkK6HN",313
"1Q1ub4f2J2ST2obvyA9cgnfgCf8E1vGxDE",14
"1osmXqwhYxtEHkx81E3fkQJBLR6imE3QK",404
"195RK2kUTiNGspe9k9KdVoK4ES3gNuos4G",1200
"1M9fdXKirajPHcPXTAJk7qnSy4hNJhGetY",4
"12AAmF7HZSPVhYdrq7tUFNLUNYRTof2RMm",6
"13kVDNoNWh19jTqQ4Ga3KerhpXVdV2Y9XC",8
"18cwQ6G6SEn18vBqAppNWx4BhVWnnNezSK",14
"1LqAiuTSK2KjXtibL8iZA4DEQhGL4MjjX3",11
"1FTx3Jj17w6SPtj1Rub6t5xRqGqkcCvNNj",5
"12ywCktz2St6bmpYEVXFTj9yRANqUPG6Yz",1209
"1Awy4Y9sUiTbGNrvrJKLtQ5hW2WBMfahCf",9
"1B17Zh95h5eZ9VTNag9e89qabbshUiByLr",1204
"1FdcBichMwFx6C3zjWqgC96j6FTeFocj9L",903
"19yjxjcfc2DGRtGEzwVkmPkDiBZ4EGC6Wv",8
"1LFVuyHB6p6uixugB7PUxUvr78sxC62nA8",404
"1LZuhVRCoJetB88x814QWqUcSogPcoT6y2",417
"1GvPYNfMNGwaoN1b1SZy6JK4Zm72ZkK6HN",313
"1Q1ub4f2J2ST2obvyA9cgnfgCf8E1vGxDE",14
"1osmXqwhYxtEHkx81E3fkQJBLR6imE3QK",404
"195RK2kUTiNGspe9k9KdVoK4ES3gNuos4G",1200
"1M9fdXKirajPHcPXTAJk7qnSy4hNJhGetY",4
"12AAmF7HZSPVhYdrq7tUFNLUNYRTof2RMm",6
"1Hx2oXf21iWRDtPZuL3KqK3kqTvZ48Tvdu",76
"1G5JzfYjBSJrfgvC3hsKGtdfe1PQcvoPuq",1686086
"18wdF2jSvy97S59L3GY58xxRNkZN4vpkNv",5125204649
"1PRP2RHgGKpUXJKHmBCHybCdS8sYYrudjL",548000000
"18AffEQTf8q5yzR6Lxn7zXbYpisEG6eWnB",1000000
"1AP7T9QZ5L47dP8UMfJPdWrtE8SrNdiehq",11600
"17ggLKi753zoWQs1Ak3w1VW1kEYPGPDUvd",16800
"1KbKoyHtwSZfPaEwwYsbeVPxmNyY6smJNF",10640
"15aG1FxGo5BMiZFe7jyhKzM1FuuBTUZ42J",11650
"15hsMv5DVz2Janxtsmb9WRxJ8uGVNVUcXH",12480
"19z2W3rnbN8jJEdFqb9Qz9o3nBym3mUeCS",18240
"13RDSK8Qt9vSgxoeNzmoggFS35KHyahpBu",14050
"1HuVdfFdDkGdzRUvv5bR7T9WSmvuPyETAD",16960
"16PX6nAfuohsYnKFgfuN21nhNx44y5Hm5B",10960
"1JBo75bJM6VjkecupZ5EodZpcc22WR7EX5",10960
"19VQrivZxgn7NcxhxCkb23wmV35RJWNAiN",12160
"1PhS2shusgHkHt1zNaXq7WgAC4MkNKDP2P",24320
"1Ajjp8YcKjQndtmaA39MQFfiWYVuStXuJi",19320
"1KGBMAWskevoU7u3qP5fcw4zojbx7AbL1W",12160
"16hgdDFMSv9xWXY2CaLk7n1eD8LKxcKWKN",13350
"1HThS4HnhZrzAGwWezvVNwNSJX6ZpfWgKS",20090
"13KUktLqFFHjnaaL23CWJT67kiipRYz9vd",18240
"1HPoZzz1FppXn3gSRnnXN2gPkxddD3fdR6",7560498
"16Cf3VYEoPgVSK8amsjzEo9nDu2MuQkKV2",74304
"1EZrP7g6ypndgjwbWMuqkqwDcdPcDUVpS9",10000
"16qvAc52VYvMaAY2mygzASVJDkCucXD4jU",990000
"1LekQN9jhczmhRdB7SWLGjCS5WSaBrPP4t",9040000
"12aQarQixd94FZN1Uz4HppAmLeR9hVyCAG",105000000
"1Fy3FhoCBQ5GPyd8xg6mQmEsvQ2mgXp99Z",24421
"1CoAE3KaN4hfUx3J37Yi8qdjC7b6abkDLd",100000000
"1HdMC2qKMgTfuX7qziaZzU1rsf3twcmPB2",502246
"1FHdWByNimfJSQqNQLX32WP3ieGKbMYv2r",100000000
"12ja7jTuVW5kZwpMg2ts5viABdgJDr4Rkm",200000
"1NriDKVV35rGc6mYjrZmoUyfVyHzwJBVwd",73910
"12ja7jTuVW5kZwpMg2ts5viABdgJDr4Rkm",700000
"13uZiGEe1nCkNwCTn6HcJwpZiE5g1RSWxX",76935375
"16inaYg7TsWLZMfgyyo14yFPaiwxhuC4Pw",1339753
"17M2tRhK3xgUzHvV4PJve9s3jL9MxQZCQw",3000000
"1BvKz3UGrH1d9pbUuhepmLmThgbGkx9ccC",1000000
"1GgKgNCTe87LET5c5sf6bG3B4iWw6eaXZ4",1000000
"1VJo4vhZa9xm95iHSa7ts1J4Goo6ixjHC",100000000
"129YPuQAKdtSzsdvrMjeKTdcRKWNiPymFz",1394985
"1CeLbZ2xckTbBzcJiYkrCLMV98PgJebywo",1002367
"1xbbjJcbeD4Qi88QmJmMgTFSdm7b5WCG4",53891712
"19KHt4QiuoxJqpUpeB9hngFDiSzuyvWCU9",1401490
"1JVgtXvDFsfXjGm94HmqNtdLm38aXLK9GR",1000955
"1A9u3fgvMQoqTezWNwxswsUX879wCDQkaP",1098909
"19r3hfPCrJBoqxB6vK4SHFSkxdeeVm1dGo",1123668
"1QHRBUvbAeT6WnEX5A3fTYzgfvfifwX7UY",10039409
"1A5pWirxybD5mcVcAn7yjHJd9B12eXGsSK",1011868
"12GMRNw2Qx9YeDnEKnTYNPMhq6qBoDmAMn",1051610
"1GZWNTUiiSQvJH6xhpdvvwhNF4WJKtDEGq",5035803
"16X97ZhskGoXVbYKp6K6hrxtPcjwjzBk5L",1025966
"1PZRdidpVVJfHB3cne98YweY6R7HBZBEoC",1013428
"1B76hJfaz4DVAMH8vrDNPjn3NFqXEcS3JY",10000
"15DivvrLQUX4eCy2j5Dc8tbJdZwgeWJgVY",1000000
"16JhTchkMkfhHRnAVU9kD83XVA62qYqCy5",2003921
"12C4FV98mcvT7uaEnqHofaGJSbBwqSbMAc",100634676
"1GEhAr63N4Rq9ZaoVYhXHxDc2HovBSzxxb",1650661
"1MU6Dz5PyWyTBJwmN7dvWfdwjd93RYPXEw",20240
"16QAfr5sQgEcKjzLq1Rq4par7pv3VBHJVF",14030
"1GhuAZbNUH1YTAL3WLaaos23xH9QZqDrwN",10640
"1GGuD7pH4EdZmGDhwNpB6V5DNSadpLjfFk",11890
"1FS7YhscKNMqGLaLtjzSKqtpihjcnot59L",20160
"13qEzv69pP8BZMmDUwcVYeyJqBKgQ9mAA2",25440
"1NYuNjViRJ7PHFTu4pWKrQMmdGo19CewJS",17120
"16L7PTC9fHuaHrrVho23EGUZzaZZwoYgqt",18240
"1NB9ySkiwq8WkFbJkLLivWGgkb19fHjAaz",23920
"13TmhqJX6LVnRDxEFZNeH1qqycVprnnznx",27120
"12bdjZ9ySZsL6uYoqTN4wWgVTGdiAPhqEZ",11120
"1GMfnKGVr2QaRMurddbuhLZjw3afaP8d3i",24560
"1Aj6dyoddThtW7veF3CQ1UcCeqySpCvrew",11280
"1Az9YnznX6YqSbeGsr8cZKNLh6WC56P7Q4",2650000
"1CxmP2mQrDqAaFh4oK6LVN3qdssdViCGPu",302474
"1BBMjUYW6QRduv9kqq2TLgmbEP71rHPHzV",7013932
"1LekQN9jhczmhRdB7SWLGjCS5WSaBrPP4t",16323
"1KhedKRMmuiU7D18ov4Voy4EHQ1ZWEKsrz",6703206
"18xxYymrPcLpx7MgRHBDZzNb4PZ99J9xc",28621
"1QD3zLDJXmXqtDh6ZQJfTrw139Ro3J4xJi",490000
"1DVAQ4xTQaK5JHPTnWEHovs7strk9uDcXq",5062353
"1Mar5P2EP3Y9tASX5RzjzDZpYbEasFqaW3",7521542
"1NPXp7Hv43gjccRgotb4cyXudwRCeHQgxz",10000
"19xkHgzidQ88h5W2THfUG5sm5dNUQv3uDo",5494
"13kVDNoNWh19jTqQ4Ga3KerhpXVdV2Y9XC",8
"18cwQ6G6SEn18vBqAppNWx4BhVWnnNezSK",14
"1LqAiuTSK2KjXtibL8iZA4DEQhGL4MjjX3",11
"1FTx3Jj17w6SPtj1Rub6t5xRqGqkcCvNNj",5
"12ywCktz2St6bmpYEVXFTj9yRANqUPG6Yz",1209
"1Awy4Y9sUiTbGNrvrJKLtQ5hW2WBMfahCf",9
"1FdcBichMwFx6C3zjWqgC96j6FTeFocj9L",903
"19yjxjcfc2DGRtGEzwVkmPkDiBZ4EGC6Wv",8
"1LFVuyHB6p6uixugB7PUxUvr78sxC62nA8",404
"1LZuhVRCoJetB88x814QWqUcSogPcoT6y2",417
"1GvPYNfMNGwaoN1b1SZy6JK4Zm72ZkK6HN",313
"1Q1ub4f2J2ST2obvyA9cgnfgCf8E1vGxDE",14
"1osmXqwhYxtEHkx81E3fkQJBLR6imE3QK",404
"195RK2kUTiNGspe9k9KdVoK4ES3gNuos4G",1200
"1M9fdXKirajPHcPXTAJk7qnSy4hNJhGetY",4
"12AAmF7HZSPVhYdrq7tUFNLUNYRTof2RMm",6
"13kVDNoNWh19jTqQ4Ga3KerhpXVdV2Y9XC",8
"18cwQ6G6SEn18vBqAppNWx4BhVWnnNezSK",14
"1LqAiuTSK2KjXtibL8iZA4DEQhGL4MjjX3",11
"1FTx3Jj17w6SPtj1Rub6t5xRqGqkcCvNNj",5
"1A7LBhDFZPd1RMVz4osoTccxsPGgFTqLQp",4
"12ywCktz2St6bmpYEVXFTj9yRANqUPG6Yz",1209
"1Awy4Y9sUiTbGNrvrJKLtQ5hW2WBMfahCf",9
"1B17Zh95h5eZ9VTNag9e89qabbshUiByLr",1204
"1FdcBichMwFx6C3zjWqgC96j6FTeFocj9L",903
"19yjxjcfc2DGRtGEzwVkmPkDiBZ4EGC6Wv",8
"1LFVuyHB6p6uixugB7PUxUvr78sxC62nA8",404
"1LZuhVRCoJetB88x814QWqUcSogPcoT6y2",417
"1GvPYNfMNGwaoN1b1SZy6JK4Zm72ZkK6HN",313
"1Q1ub4f2J2ST2obvyA9cgnfgCf8E1vGxDE",14
"1osmXqwhYxtEHkx81E3fkQJBLR6imE3QK",404
"195RK2kUTiNGspe9k9KdVoK4ES3gNuos4G",1200
"1M9fdXKirajPHcPXTAJk7qnSy4hNJhGetY",4
"12AAmF7HZSPVhYdrq7tUFNLUNYRTof2RMm",6
"13kVDNoNWh19jTqQ4Ga3KerhpXVdV2Y9XC",8
"18cwQ6G6SEn18vBqAppNWx4BhVWnnNezSK",14
"1LqAiuTSK2KjXtibL8iZA4DEQhGL4MjjX3",11
"1FTx3Jj17w6SPtj1Rub6t5xRqGqkcCvNNj",5
"1A7LBhDFZPd1RMVz4osoTccxsPGgFTqLQp",4
"12ywCktz2St6bmpYEVXFTj9yRANqUPG6Yz",1209
"1Awy4Y9sUiTbGNrvrJKLtQ5hW2WBMfahCf",9
"1FdcBichMwFx6C3zjWqgC96j6FTeFocj9L",903
"19yjxjcfc2DGRtGEzwVkmPkDiBZ4EGC6Wv",8
"1LFVuyHB6p6uixugB7PUxUvr78sxC62nA8",404
"1LZuhVRCoJetB88x814QWqUcSogPcoT6y2",417
"1GvPYNfMNGwaoN1b1SZy6JK4Zm72ZkK6HN",313
"1Q1ub4f2J2ST2obvyA9cgnfgCf8E1vGxDE",14
"1osmXqwhYxtEHkx81E3fkQJBLR6imE3QK",404
"195RK2kUTiNGspe9k9KdVoK4ES3gNuos4G",1200
"1M9fdXKirajPHcPXTAJk7qnSy4hNJhGetY",4
"12AAmF7HZSPVhYdrq7tUFNLUNYRTof2RMm",6
"13kVDNoNWh19jTqQ4Ga3KerhpXVdV2Y9XC",8
"18cwQ6G6SEn18vBqAppNWx4BhVWnnNezSK",14
"1LqAiuTSK2KjXtibL8iZA4DEQhGL4MjjX3",11
"1FTx3Jj17w6SPtj1Rub6t5xRqGqkcCvNNj",5
"1A7LBhDFZPd1RMVz4osoTccxsPGgFTqLQp",4
"12ywCktz2St6bmpYEVXFTj9yRANqUPG6Yz",1209
"1Awy4Y9sUiTbGNrvrJKLtQ5hW2WBMfahCf",9
"1B17Zh95h5eZ9VTNag9e89qabbshUiByLr",1204
"1FdcBichMwFx6C3zjWqgC96j6FTeFocj9L",903
"19yjxjcfc2DGRtGEzwVkmPkDiBZ4EGC6Wv",8
"1LFVuyHB6p6uixugB7PUxUvr78sxC62nA8",404
"1LZuhVRCoJetB88x814QWqUcSogPcoT6y2",417
"1GvPYNfMNGwaoN1b1SZy6JK4Zm72ZkK6HN",313
"1Q1ub4f2J2ST2obvyA9cgnfgCf8E1vGxDE",14
"1osmXqwhYxtEHkx81E3fkQJBLR6imE3QK",404
"195RK2kUTiNGspe9k9KdVoK4ES3gNuos4G",1200
"1M9fdXKirajPHcPXTAJk7qnSy4hNJhGetY",4
"12AAmF7HZSPVhYdrq7tUFNLUNYRTof2RMm",6
"1P7VYcnSCFZLPuYWJyhEZTY9BB7qxYVyZW",1000000
"1KCfHk8Z4XEubW3W3mXj3n9rGUJv9pzT3i",1000000
"162R9zoexGvjPm27i8f6NV43tiZczj2x2u",1000000
"1B7VxVzib2Qcv2UpDZoVQC3txFHixsTd3z",10000000
"13rfL4PxPt2hCKboKp9x8v2UcKZ1M2ESXg",4364829667
"1KVxJmV2YjPsjDcqPAHfBUKhBVvrpgHx8X",100000
"1FrCjS6fCuAh5oqTvgPZZPfq2itnnEWW7L",2658226
"1MYMC8UUPPCYvf9JtkETnLmzjeYFvFYh56",309
"16uEH9G5k9toofpVJ1DPyveeEmvnT2gmWa",17000000
"13pd1d5ZZJC5i28774iUqGwHWVZpUpp4GK",10000000
"1ABjkcNMh36ahu2sJLJebvGrrqPoXKGRrv",42188
"17eELHizWxR9UWhiWcFpXbooonpZEtdES1",190000
"19oQ8HKJ5kh4Nkk1pAsSYGQJYqM8zxnW8g",31353
"1JCAugEs1ETUKRXMBpxeCPERS6xPymP3ZM",100500000
"13XVkNdBsJ1T2FLiMj9644vCfZ36d2kMuQ",2549795
"189G4wenyDqCuZ9uaFpBLZXCUk9aj8Zyrm",40000
"1XxudF7H8ApC5TGxE6uFzx9QBBXrUwcHS",2384370
"19gkoEnCgrPR1Cc5jzTjhUVWGbbKuRXnwL",12960
"1PHdwKuU9aGd1V8xFG4E6jwxcAW4DuLsDd",22880
"18JdwxaPnEgVDBqPom88HwcjpwK41ozRge",11520
"1Dkbh7Myorje9iLgHpfaF1mycYREdxncSD",23760
"1NWkresdTFKbNucjRXBE6dWA8t4aUyT47Q",13120
"1Dyfy1nXznuq1sginFVit9Hy5dnFmkAFBK",14880
"1LqJRD5oq8b8mm64XDXDXnZCyTMoRt8Agm",24720
"1GzCQuB4koxTU3xyThECcNbFUVJeVb3evf",17360
"1DYGKb2GvDpa46Du4q2dEpaRGFgwGURU5K",24400
"1PbsfwsmNgN3pjNuiKLgtwfWUyWf2rZRib",16160
"178SX6c3ZLu5FjMcJLyu8W9G5qaqSeNudm",14880
"13kVDNoNWh19jTqQ4Ga3KerhpXVdV2Y9XC",8
"18cwQ6G6SEn18vBqAppNWx4BhVWnnNezSK",14
"1LqAiuTSK2KjXtibL8iZA4DEQhGL4MjjX3",11
"1FTx3Jj17w6SPtj1Rub6t5xRqGqkcCvNNj",5
"1A7LBhDFZPd1RMVz4osoTccxsPGgFTqLQp",4
"12ywCktz2St6bmpYEVXFTj9yRANqUPG6Yz",1209
"1Awy4Y9sUiTbGNrvrJKLtQ5hW2WBMfahCf",9
"1FdcBichMwFx6C3zjWqgC96j6FTeFocj9L",903
"19yjxjcfc2DGRtGEzwVkmPkDiBZ4EGC6Wv",8
"1LFVuyHB6p6uixugB7PUxUvr78sxC62nA8",404
"1LZuhVRCoJetB88x814QWqUcSogPcoT6y2",417
"1GvPYNfMNGwaoN1b1SZy6JK4Zm72ZkK6HN",313
"1Q1ub4f2J2ST2obvyA9cgnfgCf8E1vGxDE",14
"1osmXqwhYxtEHkx81E3fkQJBLR6imE3QK",404
"195RK2kUTiNGspe9k9KdVoK4ES3gNuos4G",1200
"1M9fdXKirajPHcPXTAJk7qnSy4hNJhGetY",4
"12AAmF7HZSPVhYdrq7tUFNLUNYRTof2RMm",6
"d-0e9deef32abfc454392d21725f9defef",0
"12yqLsUvrULLvejhJMWnTcEQ7xhHCoSEGC",17149619
"1686X1usfDPB6LuqBwMArjico8t1KWiJat",17260379
"1HV1kSRouXcCpvFwoTTzwRkS4rjvYs6uTV",20709200
"1Guj5dRbPaMi77xLyf8oKJkspbXKRxWdMw",21691139
"1441v3Y1NYx4rCi6kRwfyYW4XAhsGfpTKG",26180523
"18RHQfmrTcC5MXuFUMxC29W3VWRQtCuvV5",48256132
"17WmJSJe7GaH6kiPhpSRhpCSxF395x2p9p",1106573
"116HTgcJDyMNxeR441g5JCSXpxeT3k22qm",5030454
"1KW31DbdxrVwkTeHDAA85mUFN5zxemuRAM",2024943
"1G8DYo2dbsGsGdP3c61GQ4pcnKup1gsuj5",2510383
"1K741Sr5fVDM6qnRNwC1hXWpPsUhKwaAiy",2061299
"1EVSdFraW12mYqyfH2JCR6QHSKNgrvPDM1",24191032
"14iL6iSAPDhYDrPnRyeLatCZEo1XKMy7Hz",76901
"13kVDNoNWh19jTqQ4Ga3KerhpXVdV2Y9XC",8
"18cwQ6G6SEn18vBqAppNWx4BhVWnnNezSK",14
"1LqAiuTSK2KjXtibL8iZA4DEQhGL4MjjX3",11
"1FTx3Jj17w6SPtj1Rub6t5xRqGqkcCvNNj",5
"12ywCktz2St6bmpYEVXFTj9yRANqUPG6Yz",1209
"1Awy4Y9sUiTbGNrvrJKLtQ5hW2WBMfahCf",9
"1FdcBichMwFx6C3zjWqgC96j6FTeFocj9L",903
"19yjxjcfc2DGRtGEzwVkmPkDiBZ4EGC6Wv",8
"1LFVuyHB6p6uixugB7PUxUvr78sxC62nA8",404
"1LZuhVRCoJetB88x814QWqUcSogPcoT6y2",417
"1GvPYNfMNGwaoN1b1SZy6JK4Zm72ZkK6HN",313
"1Q1ub4f2J2ST2obvyA9cgnfgCf8E1vGxDE",14
"1osmXqwhYxtEHkx81E3fkQJBLR6imE3QK",404
"195RK2kUTiNGspe9k9KdVoK4ES3gNuos4G",1200
"1M9fdXKirajPHcPXTAJk7qnSy4hNJhGetY",4
"12AAmF7HZSPVhYdrq7tUFNLUNYRTof2RMm",6
"13QQWAFimCyYav2LcwegZLDcoMaspMxgoJ",10000000
"14gmf321erigmtQS487vZRcjaGDw1tu8gD",2114198
"1Mb2uRUH3PsH2UJNDpNUVKaMfVEYiG424f",90000
"1BFFWMSFiJdEN31n3uhsEHNLZQSTsB1AzJ",65040
"1JPzzH3P6VCYhjfz2C6t3y9vjZXvfNfJZs",50720
"12bcbY5zi8ickbgHMDkDoqLdYr1FDkaHzH",5000000
"1P7VYcnSCFZLPuYWJyhEZTY9BB7qxYVyZW",1000000
"1AKkpmSaUW6cKH38ohEsB3gqg5tv5DUyzx",1000000
"1GgKgNCTe87LET5c5sf6bG3B4iWw6eaXZ4",1000000
"1PNokMT5p8mU99NiZRkKPyZS37Bk5FUvoJ",14000000
"1DtoXPEzTxg9DcwYPvviF5VW4gtosknDut",10000
"1Ma1ZnCSQ7FbpAtw5fkiYVmMBmzuuU9tjc",10250
"1KNaTfHorfMewgj8cyaZMfS1APmThPkxJq",1390000
"1K7tLSZxJmUAfUtSjc4cTxagz5kTvpeLu1",4226271
"13kVDNoNWh19jTqQ4Ga3KerhpXVdV2Y9XC",8
"18cwQ6G6SEn18vBqAppNWx4BhVWnnNezSK",14
"1LqAiuTSK2KjXtibL8iZA4DEQhGL4MjjX3",11
"1FTx3Jj17w6SPtj1Rub6t5xRqGqkcCvNNj",5
"12ywCktz2St6bmpYEVXFTj9yRANqUPG6Yz",1209
"1Awy4Y9sUiTbGNrvrJKLtQ5hW2WBMfahCf",9
"1FdcBichMwFx6C3zjWqgC96j6FTeFocj9L",903
"19yjxjcfc2DGRtGEzwVkmPkDiBZ4EGC6Wv",8
"1LFVuyHB6p6uixugB7PUxUvr78sxC62nA8",404
"1LZuhVRCoJetB88x814QWqUcSogPcoT6y2",417
"1GvPYNfMNGwaoN1b1SZy6JK4Zm72ZkK6HN",313
"1Q1ub4f2J2ST2obvyA9cgnfgCf8E1vGxDE",14
"1osmXqwhYxtEHkx81E3fkQJBLR6imE3QK",404
"195RK2kUTiNGspe9k9KdVoK4ES3gNuos4G",1200
"1M9fdXKirajPHcPXTAJk7qnSy4hNJhGetY",4
"12AAmF7HZSPVhYdrq7tUFNLUNYRTof2RMm",6
"141WeLaEDayfFX21YZbUwXWhDaMDkLx3tm",5068
"15GYcwX6Kei1YhjSWg3SpPtTDAXFs6qTU2",2000000
"1GWytGZUT1dSpvY4EkSpkxkwZgrcWp9aPJ",6500000
"1CosQ3oP2oqnEnBXqrazSQYSNi461r62Wj",32860000
"1KyyYhXjDm3KHurQWHnnXKJwMBBTTQ6omS",12560
"1N7DjZmMdwMeV9xR9bVAwbhBaXyufwyePq",17120
"14deF3H2fft3jEL6t5PN2zwmUYw4yifAqR",10240
"1jihL1MwSsE9J87imkDmPQVruRCqVXXzP",18240
"1KFE33LWzwwmAP47vxDhnrpukz6MyJThRh",12000
"1HSXAmkPo82N7fXqCHb1Z2XA5oGMTPVCUS",10480
"1GA2Cui1u63G471CY43Q4Z2uDZgF8bM1za",10750
"19UEqSSYWmShhYDWUXc2gvryffgM1qTf2J",16160
"1LpBJvjfQrtCdUnVB4ybTJGBYmjeoh4Wpv",10110
"1AbY99fwwKHSTvFPFTR96sh7FPzzYhP5w3",12370
"16JocBTsEkeR8KQbbC9YfZvAa6pSJ4VMX2",14560
"16jkXWZ4XpTFRXdd4c3yZTR67LLxy5CJ14",11520
"1AaUFykMKjyzjVkSVD2ybADjiCgiZJSoUh",15520
"1DWxqZ6UHBNxQ2HFuNdbk6J2Pfe6QkcYTT",5750
"1PPJYutStrVBDEQHv8XFw3QxfWMHZacmWo",16000
"1FSmYXXYP8JNSBpY4CLxhTbXgzwGKT9jeu",38000
"16uRaknDG5T6hLJz9429KTN4bekYmFebJp",6005
"1LWp8RcauGeF6X1y7cy4mys1u8YwHtPYrW",18185
"14abHowD9N7SGszWRBvKxb2eU5PcpqPxPs",8000
"1NiwAP7QzrXC7fayksi2REu7NQBhJh6BJ6",6750
"17397TiK1JMPCeNbMSsoHELJZMmUMkaP3v",12500
"1HdBxjQmWui1eTCwa3VQ9Q8wd6f3jjmzhd",19510
"1MYqmFRZavWjN6MqJNMGKQKDbJ6LGECtGU",11890
"1LThYER2wT87kADiSXZnnrJm4Xebqtkh9g",22910
"1LZuhVRCoJetB88x814QWqUcSogPcoT6y2",35750
"1CEc4AH2i8uvWkHxeFgo1R6f4p1NcArnYY",19000
"1E1x1NkCGBxaCp3dhyfEUatpXba9ca17MV",10040
"1LjHEEM3UR3NfDkNiff6bPn4o6BgwskwX6",19250
"1NMDUy2qvvwr1sc4VDYm73PfkT48QYm9M4",32285
"1399HvPi9EERJuCTQ1Y2qi9LARaiKKpEhR",10250
"1JwHsNBggi2XWBc9cXnBBtF1AvS8wXrfxT",9500
"1CVkFq4B73o8BDBs3XrSeDEpqZkDvJ3Fio",12000
"1DLG2n7r8HKeUDv3z5iz52v8ZDv6PNNtUs",9500
"1BHwiB2yiwfb4Pz8B5VjpnMrid8rwb4YnP",9500
"1L7goRiDLoAyQ5Tkc9aCWNDaERH5H7bB8L",9575
"18mKBEGc6cCLczu77WKhPeyZgBTig8aLio",33625
"1KGxqdSxnTjRHVLH5g384rcmuALUgWo1ED",11000
"1EcbdPeyeuVHp1sayFbUy6u2DyyunQXPFp",9500
"13EjSyHa7C5h6rieVNEbT617X1u5uz7RCj",19630
"1AaEsRKXfhssJ99uzDB3PEM1E9JDi6qV7k",7250
"1FaXWqfu8kq4uU6U3GYievnrG69hZry171",35000
"18gtc5oRwjZEZMp1ETNVaUDa4KoZYPvqDP",9250
"1FkTNYahjtgVU6Q2pQzmUBDh7uzHPNtCdr",8270
"1MY2Hm9Lh1bt1wAeM8uiKb2svpbtqfWyce",31795
"1Kc9ApiS6jxTDGgxU815r66KnYsVgrTsUf",9565
"15i3euq2vVPbAmzbYaUrhVS1kRkHRdKb9x",23750
"1LFHat2C7RwmixYbPXpXFc4NoreSzKL8Sc",26065
"1CBJwFAefA1X9RuZKbSteC9xwZBuRv3X1p",6800
"1JozefPTC9GF73wWKbMJxpgpAYWdVtZ1ji",59999
"1BxFHbVoU2AVAv715fwsztEb4Qr1N8ZPjx",6999
"1EC1hdhqjPHF9LLzoStXqRQgN7nZ8Yk9uu",5500
"1NAj5WX92F6tF9HYkPS2FRrb9LvuSDPyER",27999
"1F9hyyZygMMrujSdrrM4znAp9CBqxMq2Uy",11000
"1Kxiwjmnar2jQ2JcPTtbfoBLKibwoWZCva",5500
"1DZtb85D7oPp7FFn8RihHzRkLZZb24UW1Z",47500
"1AK4frxcVB6iqQGfftYrL83TPMBEpm7a7y",6250
"1HZbjDcMiZ1oxnxNDAGTssnhBLJNNGeBSZ",31500
"12jGFCkQyVPPBwcmUNbiiJYmQyx7trAPDw",19000
"1PrQ9g5YNnLFqgamJv4GHSYYj7EHQMC1Xc",8750
"1FNPu2VveKmAKMQREvrCjNVwEUoFAs4XBX",9270
"1MsFJaQQL2zSCjdg6nfmudXPhYYyD54Fof",11250
"17FtzxZNBFYSigy6NTrt5xcawxq6JqAJ8E",6750
"1HSXAmkPo82N7fXqCHb1Z2XA5oGMTPVCUS",8750
"1PMDZumgj32H8CSApwTyxq9Bqbr3HQVQd3",9250
"1LkeEttzRPYjoWwNo3rPsvPXq1fTpYKqLo",9500
"1KDUqqLE938xW6BUP9fBoXWK45vPCVNimr",14490
"1Da26EzDyPskXnGJiEg5yS885eNSdVbVe8",5505
"1DhSC1e1FtGNcFPWAYk2QhLDKQv52NsrQN",14999
"14PgPD7ah8fVPR4xqQcozyURi928qC1p7C",9510
"12d5ALEKV1D5rstk1AGyLryqQWCzuzueuS",9500
"1KPAfmwrngSi6ybsqwwjDLu8DKwLzP3h33",12750
"1N32V1nnGijdEP5hUmiszCZCKk8HCJxgoo",9075
"13LijGvToGqgQEVzAnt4wgTGKtpG2uKuEu",8000
"1C2PJxFpVV8LFV3rsh9ohTYZCRScMnnuWs",14250
"19MZJxcCc6ks3884Cibaxnac26drPHgNmM",9000
"172iGd6WidsmtFxzcXpys9GHtzFG8pHJCD",14250
"1M9fdXKirajPHcPXTAJk7qnSy4hNJhGetY",20000
"1KqW68szDEyfmR19JKtRmXvVKCSiSN7PVU",6750
"1M7keFGMUpS2eB6ZzxmYJ1zCRxXmwCmVEV",6499
"18yCUeHbiLfy7Vz3DUjTPE35mrhHwWmB3J",55500
"1N7DjZmMdwMeV9xR9bVAwbhBaXyufwyePq",30750
"14FwxJsy4vEMMe8YePaHsfn57PQkJx4nR2",10750
"1ctfVHAqf6mSjZGCoXLowXBMtkRK6byWb",12000
"14SGWoU5NKgqq68yhh5ySwwW6NKtHtbCHz",9500
"13xm2mFZYB4RUiMP1FRpUGL5p6XKui4v55",6000
"1BmMwJzuLrN9U3WiUsNE4yukeSYayux5Vg",9645
"1AidgCYCGMGxUQGqGXatwrfBfxajLVD554",6750
"1CAfaKKYsDfwMvVXzAExazhdgbxHmfNwmm",14750
"113XByyrN3KrLFS2NHpAS9dxFidZJPGY5t",19500
"12yCYg7aP8AGDyXjsKrr9rVfgrcejH3YYB",12000
"166xt25frJZyDYwdKsfsPnYBJ1BLMN9aRa",9750
"1JK6xQLxqBqwhuBzH4bhGVR4rEYF5uUuj2",7250
"14fST59Ny9VBBtFxFF1i1C5WApPwTd5iDs",14440
"1NNsUcA16AY3R9ExHqQNQUPfKPjjuTRdMq",5500
"12BXAR97SXiHmSNvbJ5KBVKeSD5JDXCxz5",13750
"162GEH1juyKVFdoAstRuXaKe5sc4tYHMby",53750
"1JdiRRPgqKiLscA6FsZeEi4ACSoGth7DKo",9500
"18JdwxaPnEgVDBqPom88HwcjpwK41ozRge",13899
"1LjdbGjvfQVKMZYQs2giWjhQVoCyaw1TMi",8000
"1FnK8NLH6XHmJsCSL811oaGNg4YAvPxpVb",9660
"1PSVXyQe1pGzULpATGKTccjZinhSmXzZEV",9000
"12j8mwsWoCbopf2kDkrXGEqETGuoYTJeN8",14250
"1N7V8awZPZpU4h6S84RGXc8gw32Gb1jLt4",6995
"1iVGhf6XDw2JRTHnBi9JTzNb5k66gUkrp",10250
"1LeZ74W78GwqsCNpFpGvbmQCavDkVbSLxT",6250
"1Mj9P8GaaruRfvyTMx7CNHSRWT2bofSfxP",9250
"1FHg2hLoZFRTxMWUefeEZCGychVBaVL79B",10500
"133Pfr8avatvZQ5omBqgWSwaGsKHkknbeJ",17000
"17tz3D9sGWwTRv1H8P4ydbSQZHuP2oN5EF",36750
"1GhuAZbNUH1YTAL3WLaaos23xH9QZqDrwN",9000
"1C6cE9npwhPP58rQZWWWcS474rabYx2cnM",14250
"18Wvug7j5QhCwaPsJRSDnGH61Evhh7cB7L",5750
"13hafbbYbA9cyehwwBweDANnntJa3TejaB",8000
"1NYuNjViRJ7PHFTu4pWKrQMmdGo19CewJS",6999
"18Fgrs4jyDQpnkUbDZcSBRCRRZZTotH8oS",9250
"11AMCPACqcRZqNrLnRC4rXa9s6qsohz8Q",6499
"1FxMWEaHhiGFzJAz29pAJK87GHnsmXUdBz",19000
"1FXwX4R258VU9CzHucr9xmjqnAetYaupyJ",6750
"1EzTAjpEWaBJt4WUvVebGayDoYtwkDfK2z",8000
"1CGXMzjgmzkPJrvMCJnRPuuj9gdiCRZay",6750
"12ovwC54ZW3kXRxYCJPZsN1NfRzTvUmovx",8500
"1MWcikvHBTTRXQwodNesBYF4iJ7oNcT7KP",5500
"1JoxrjE7kQ5CTCsFvn2ndYzhHe1f7LGrZX",9510
"1AgothgjeZ6knsb1Qvxc2bvY1JayxZFDJL",18975
"18YtJ9WiSChReTzQ1Wfj3zDZ5CXnBCT3Tp",66219
"1JCAugEs1ETUKRXMBpxeCPERS6xPymP3ZM",1000000
"15jJatRJAGzGgMazwaE7wdcFbYuX8KTKEi",17080704
"1AQaUwU9yQCi2MaQyxEEUDjCwzQhD88tZg",19223471
"1AYwVjQmTi147gsYVYYGHSXCjkfHyTEFR1",24177240
"1Kcg7cHptLMu6CoFh8mNVYbnhAcB32Tse3",26798220
"1Esb7qfqsuYZGUQHLfj5VFyd7dSw8SD7cC",36318628
"1Ma1ZnCSQ7FbpAtw5fkiYVmMBmzuuU9tjc",6890
"13kVDNoNWh19jTqQ4Ga3KerhpXVdV2Y9XC",8
"18cwQ6G6SEn18vBqAppNWx4BhVWnnNezSK",14
"1LqAiuTSK2KjXtibL8iZA4DEQhGL4MjjX3",11
"1FTx3Jj17w6SPtj1Rub6t5xRqGqkcCvNNj",5
"12ywCktz2St6bmpYEVXFTj9yRANqUPG6Yz",1209
"1Awy4Y9sUiTbGNrvrJKLtQ5hW2WBMfahCf",9
"1FdcBichMwFx6C3zjWqgC96j6FTeFocj9L",903
"19yjxjcfc2DGRtGEzwVkmPkDiBZ4EGC6Wv",8
"1LFVuyHB6p6uixugB7PUxUvr78sxC62nA8",404
"1LZuhVRCoJetB88x814QWqUcSogPcoT6y2",417
"1GvPYNfMNGwaoN1b1SZy6JK4Zm72ZkK6HN",313
"1Q1ub4f2J2ST2obvyA9cgnfgCf8E1vGxDE",14
"1osmXqwhYxtEHkx81E3fkQJBLR6imE3QK",404
"195RK2kUTiNGspe9k9KdVoK4ES3gNuos4G",1200
"1M9fdXKirajPHcPXTAJk7qnSy4hNJhGetY",4
"12AAmF7HZSPVhYdrq7tUFNLUNYRTof2RMm",6
"1Q4UUum4YDQJqKXN7Xvd2s96bwcmt6PaPH",5653338
"1J5QtKyewATqtBVe7rFagk1oFGMHzaLBRH",1308000000
"17twDmWFPbecR6TtZPaD172A82b7PJStxW",100000000
"1ASiCY6KUV5C2uwqxGzbGjUBGuBQe6HYMH",25000000
"1JqdadgxgxrnbEnfvohxtaSNbHt52kVLtC",41360473
"1P9WAnXGTrkv2dPRNaEEg1xTSqudzeSovj",41114
"1PMasSbWkcYU5AhM6taorhNwx8AaECbEhC",16611123
"1Knts84X5qrvR2JqoDYoWYJM96eMXJskXy",7576
"1CQc3uQngYc74VcnyzG3pDip4Sp2XjWhmV",6231
"1EPW4TWL57hUBpKSaPNKKb8ubxgvQqyfY8",8104
"1NVNd3ttm3iZXwtf7QYdWx4VBSNEeNLL8J",12048
"19sZFk65dcx5qromyMf2kiB6ZWiY8u4Fad",13008
"1DyDrwKsx3HjRXK7xQ5YRZ2YGfFdcmh1Ys",9876
"195RK2kUTiNGspe9k9KdVoK4ES3gNuos4G",21300
"1MvX1RB5ERDx1xMaWQeH4zWZgCBB5i8BxD",15560
"19gM8MtKvZGeSZ7ZRNqKfX4iUWYz7rWReD",8687
"18QQuYkLgwbtPhEBDsRd29W5coWjmrgL1u",16662
"1HxayyiE8SE89bVQoHuFwwx75ToP4gceBB",123567395
"14hkLrPbBw54Bf9yf44Z4got9NS2zk9czG",1200000
"14hkLrPbBw54Bf9yf44Z4got9NS2zk9czG",1200000
"14weEeREuQjvpW5CegS3RcX5BvwBTNZABg",385313503
"1BAEW5AqF4XV6EMpmNYu9djBFhtxTqjFQN",732567598
"13xVyvGsvw6qTw5HCHRRDLEbcvfTsF7WrU",849941544
"19BLKKyRcjx4k8N8FXwJx1ZTkUafP7KThL",432130000
"15zffAwvSxb84ALRXAfWUsPTZY3JfSMhJt",2447637
"13kVDNoNWh19jTqQ4Ga3KerhpXVdV2Y9XC",8
"18cwQ6G6SEn18vBqAppNWx4BhVWnnNezSK",14
"1LqAiuTSK2KjXtibL8iZA4DEQhGL4MjjX3",11
"1FTx3Jj17w6SPtj1Rub6t5xRqGqkcCvNNj",5
"12ywCktz2St6bmpYEVXFTj9yRANqUPG6Yz",1209
"1Awy4Y9sUiTbGNrvrJKLtQ5hW2WBMfahCf",9
"1FdcBichMwFx6C3zjWqgC96j6FTeFocj9L",903
"19yjxjcfc2DGRtGEzwVkmPkDiBZ4EGC6Wv",8
"1LFVuyHB6p6uixugB7PUxUvr78sxC62nA8",404
"1LZuhVRCoJetB88x814QWqUcSogPcoT6y2",417
"1GvPYNfMNGwaoN1b1SZy6JK4Zm72ZkK6HN",313
"1Q1ub4f2J2ST2obvyA9cgnfgCf8E1vGxDE",14
"1osmXqwhYxtEHkx81E3fkQJBLR6imE3QK",404
"195RK2kUTiNGspe9k9KdVoK4ES3gNuos4G",1200
"1M9fdXKirajPHcPXTAJk7qnSy4hNJhGetY",4
"12AAmF7HZSPVhYdrq7tUFNLUNYRTof2RMm",6
"19Hj9n5peJG71zKYpUxfwX95o8x3WX2Co6",1030100000
"1KqW68szDEyfmR19JKtRmXvVKCSiSN7PVU",11120
"1N6hah1itkeEwM3ug4ZineitmhdrZ4hBVp",10640
"1PrkThdHeyeuJUj5QzEigszgEHJvXW7xe2",20160
"1Hot4be3ZZnkUjsr6E4fYW8a1SMmVkBd9m",12640
"1EXoVPYZPjntkDdH6e9ySLLjcoWEd39St3",23680
"14xAzHG9sa9kB2TT9Zi61PPMsj7UAubbp4",10480
"18SKuPcCkiU8X1ggGhB61F6J4MsEgaY13K",17120
"1F1oURDZYhJgqXtCQN5jA1r5d3e2aBRWFa",14560
"1EN1vxgpLyiwSwkkvF7wzWCY4YrkUX85Ri",15280
"13oZ3gsjaqDnSmh4pzNzn838SaqnSwcThv",13040
"16fY3tgv6tHD5hUFzDnkMd4ZBQALmjBRCu",16480
"13DoLBfBoR1pMAqpFXBtTw5sEjEppyTNxU",10140
"122AXeLto7TXq5vhy2hRM2WhRyKvSFXVrA",13280
"1ELKe5yxnRWB7NA81JZKJjq3A4q9QiQE4X",10320
"1PgggwwtXfasRrKRF7v7DBn1iikFW1NZnv",1000000000
"19o6Fbq4C1xFwtvTkGZmT5VH5CAs78NvoD",45829
"1DZwgXQ5T8UVXXuNiPDa9xe1qq5HwRQC4f",10000000
"13AS6Ddgd4FkfzShZKqyygi8bHcY6DfmFB",1780000
"19Em9uCMEeDNjezfAUkMg9kdTm8Tfzht93",2032
"13kVDNoNWh19jTqQ4Ga3KerhpXVdV2Y9XC",8
"18cwQ6G6SEn18vBqAppNWx4BhVWnnNezSK",14
"1LqAiuTSK2KjXtibL8iZA4DEQhGL4MjjX3",11
"1FTx3Jj17w6SPtj1Rub6t5xRqGqkcCvNNj",5
"12ywCktz2St6bmpYEVXFTj9yRANqUPG6Yz",1209
"1Awy4Y9sUiTbGNrvrJKLtQ5hW2WBMfahCf",9
"1FdcBichMwFx6C3zjWqgC96j6FTeFocj9L",903
"19yjxjcfc2DGRtGEzwVkmPkDiBZ4EGC6Wv",8
"1LFVuyHB6p6uixugB7PUxUvr78sxC62nA8",404
"1LZuhVRCoJetB88x814QWqUcSogPcoT6y2",417
"1GvPYNfMNGwaoN1b1SZy6JK4Zm72ZkK6HN",313
"1Q1ub4f2J2ST2obvyA9cgnfgCf8E1vGxDE",14
"1osmXqwhYxtEHkx81E3fkQJBLR6imE3QK",404
"195RK2kUTiNGspe9k9KdVoK4ES3gNuos4G",1200
"1M9fdXKirajPHcPXTAJk7qnSy4hNJhGetY",4
"12AAmF7HZSPVhYdrq7tUFNLUNYRTof2RMm",6
"13kVDNoNWh19jTqQ4Ga3KerhpXVdV2Y9XC",8
"18cwQ6G6SEn18vBqAppNWx4BhVWnnNezSK",14
"1LqAiuTSK2KjXtibL8iZA4DEQhGL4MjjX3",11
"1FTx3Jj17w6SPtj1Rub6t5xRqGqkcCvNNj",5
"1A7LBhDFZPd1RMVz4osoTccxsPGgFTqLQp",4
"12ywCktz2St6bmpYEVXFTj9yRANqUPG6Yz",1209
"1Awy4Y9sUiTbGNrvrJKLtQ5hW2WBMfahCf",9
"1B17Zh95h5eZ9VTNag9e89qabbshUiByLr",1204
"1FdcBichMwFx6C3zjWqgC96j6FTeFocj9L",903
"19yjxjcfc2DGRtGEzwVkmPkDiBZ4EGC6Wv",8
"1LFVuyHB6p6uixugB7PUxUvr78sxC62nA8",404
"1LZuhVRCoJetB88x814QWqUcSogPcoT6y2",417
"1GvPYNfMNGwaoN1b1SZy6JK4Zm72ZkK6HN",313
"1Q1ub4f2J2ST2obvyA9cgnfgCf8E1vGxDE",14
"1osmXqwhYxtEHkx81E3fkQJBLR6imE3QK",404
"195RK2kUTiNGspe9k9KdVoK4ES3gNuos4G",1200
"1M9fdXKirajPHcPXTAJk7qnSy4hNJhGetY",4
"12AAmF7HZSPVhYdrq7tUFNLUNYRTof2RMm",6
"1B7VxVzib2Qcv2UpDZoVQC3txFHixsTd3z",10000000
"1Ps7C9chAZgvjkTcaae7uad9Uu5Kw8kV6w",1000000
"d-0e9deef32abfc454392d21725f9defef",0
"1441v3Y1NYx4rCi6kRwfyYW4XAhsGfpTKG",26714494
"18RHQfmrTcC5MXuFUMxC29W3VWRQtCuvV5",42050857
"1K8KubXnytxPaa6rjheJtm7o5oSezWCTWd",43580238
"1MvKDtUV3ZHhThyG8qg1DRUN8CKRMoA9Fw",2
"148bRAGf63TXUJmrwxhtvzYC5fXM1GbzbP",2
"1LeT7dcC3QLn6fAPjk2JztjeumvPBkeq2e",143411
"1ufpHx5n57qy1hzBegNyt75xin14NXpDg",2
"1Pe9PrsggT4ptcBHxqFKGg9cNPcHtzoiin",2
"1AiWEiPAHtFVdPqyw7zCSDPJL78zJDRR3D",7000000
"1FqcDsE65oBxPC2eGQTD9rqMVuoC16rV2X",2
"18RVevG84Axp9JrHhKbTjM1rNSwjB2Nvjq",8033638
"1PKi9Rao6Dqs7a763nGPdo4123L9QYKudw",10000
"1PbxDHgu64iD8BmKeDCXPAp1h9N3yVYtGG",10000
"1NRNYQr6WZXFyAsMz5pyieLnLN6goK8sCR",11000
"1NLioAK6BAQYqBLzyxfNFN2P1AEPVugZkL",17000
"1Mv9qdcU4H2touZDRbwvcKeEitV3kdSbSW",11000
"1MUJvdou7Nmm8nVX1GTVoxYkGqikpX4cYu",16000
"1MJaekKGgrFttQHF2p33c2gYNFGCuV6SdY",14000
"1LFHat2C7RwmixYbPXpXFc4NoreSzKL8Sc",14000
"1LEyvJV9EvUZay4owY1YBbTSyggrX8KbEm",18000
"1L6GHc8Rj6aG9wGiHYn6E8SmzuKkYejR4D",18000
"1KGYngZFfpt1VLB1cnMMYRMBHPiugHxWAh",15000
"1JT1vjx4fYLn3CeVdRrVT1woh5VhHsQK7t",11000
"1JozefPTC9GF73wWKbMJxpgpAYWdVtZ1ji",54000
"1HuLgs4zjp6ZMVJJ9iQUU9hCeuSHy1X6kG",13000
"1GD9vFuGUAxE8ifYNzvEeaNReTdX76gCpZ",11000
"1fVZ7NeGABCSiomMTJAKLsVw8uxuWE6MG",231000
"1FSoy73eKB8hJPfR1TVggbtEKYGrmrxQbX",15000
"1F7BUmg65kZzjoh9Ajw5nb2E9scfwpRjjP",10000
"1EuDrMCS1iwMRycoU3TLdihjfeUoCNJ84Y",13000
"1EicxzZupeFiYLojZBQYwgCmg14e4FBkeW",22000
"1Dj1ygsVNqtTkmVNZQRYVXPdonNd1xBZAk",11000
"1CYAuoeGyY2bR4cJDg1bxiQQfdtcVZgN2W",50000
"1CmgP8bgzM4fBKfAzskWnScPFsH2D3DGJk",10000
"1CLjc4TsHFG4pSxYY3W7HBxYRG6aeGcChp",26000
"1CGyZm8LV437kNTSw2U3bM4Sric6ib9JqJ",40000
"1CEc4AH2i8uvWkHxeFgo1R6f4p1NcArnYY",44000
"1C8UULx8aT3aUcoFSTdM2Ubn8hPMpFNWxk",45000
"1C2PJxFpVV8LFV3rsh9ohTYZCRScMnnuWs",15000
"1AehAhrqFGs3qkxUxRHmvtUAaqrvpGuM8P",15000
"1A3Pb8xNuFXUXJ7UEL4eA4UndEvcP1rgwr",13000
"19eXoQgx3Kc5EejhBjQbzAqNrqAyAxxhEz",14000
"152J5dCHFkaEDKfCGT1LkcvJJ9iuPAKUiG",23000
"14HxMkTxiudYWrxkvhmGrrURHvL93dM3hd",13000
"13qpYWTLd2F9GAib7dCfyyrkuBGYw12Eyq",11000
"12VCStkVCanfrcXqGKgPpAyYQfaLoH5tSc",10000
"1DmSmiCkNgnJQ9G3kK6j4JUEAqKZKJtGUj",896904
"1B2LMYpqxXdFMQ4vSCPQvLjKcKDHWVJVQ9",774893
"1LMDJnd3umi9y4g5sfoTVm4J2uobYz9dAb",200000
"1LTtmF1Jx5RVJvLMv4s4s9nQh5CMkvWXXh",13000
"1K5HrfvdLThe7HYkqhhpUP8xhhT9NW8khr",80000
"1Q3gsPkGW17izCEYYDxYLCbsyNya4kiEdp",950000
"12wRD6WzvhxjznVrYWWtT9se7N91XnXgFV",490000
"13kVDNoNWh19jTqQ4Ga3KerhpXVdV2Y9XC",8
"18cwQ6G6SEn18vBqAppNWx4BhVWnnNezSK",14
"1LqAiuTSK2KjXtibL8iZA4DEQhGL4MjjX3",11
"1FTx3Jj17w6SPtj1Rub6t5xRqGqkcCvNNj",5
"12ywCktz2St6bmpYEVXFTj9yRANqUPG6Yz",1209
"1Awy4Y9sUiTbGNrvrJKLtQ5hW2WBMfahCf",9
"1B17Zh95h5eZ9VTNag9e89qabbshUiByLr",1204
"1FdcBichMwFx6C3zjWqgC96j6FTeFocj9L",903
"19yjxjcfc2DGRtGEzwVkmPkDiBZ4EGC6Wv",8
"1LFVuyHB6p6uixugB7PUxUvr78sxC62nA8",404
"1LZuhVRCoJetB88x814QWqUcSogPcoT6y2",417
"1GvPYNfMNGwaoN1b1SZy6JK4Zm72ZkK6HN",313
"1Q1ub4f2J2ST2obvyA9cgnfgCf8E1vGxDE",14
"1osmXqwhYxtEHkx81E3fkQJBLR6imE3QK",404
"195RK2kUTiNGspe9k9KdVoK4ES3gNuos4G",1200
"1M9fdXKirajPHcPXTAJk7qnSy4hNJhGetY",4
"12AAmF7HZSPVhYdrq7tUFNLUNYRTof2RMm",6
"1GgKgNCTe87LET5c5sf6bG3B4iWw6eaXZ4",1000000
"12n1bQ8rDEV6QhC3PqfGxrTXDwC6CTaayo",450000
"18yPukNU9ziKFijzriWRPS8bNszVP2PZr",6000
"14ErbCXshipGAo7PLC8KoEyGKnEn4JzEqw",50000000
"1EJphVkk5BMqy3YkdXVzAwgKCPpiHmwqjm",1632596
"1Q6zN55ehied9UFKR4quK2QRbsT26vB9Tc",2000000
"199Vn7ywW6Sjry4ND1LbzTuBgAd3zYubJK",40001
"17e2BmMngZVmKz2rEV48NH1kHg8oFrvW5X",36480921
"13QQWAFimCyYav2LcwegZLDcoMaspMxgoJ",1000000
"17zNrk8rZTY7maRLdEVqZrpZJmoLMin3S3",100000000
"1BeJxDh52yQqHV75bwjyVDiyVyN52N7hHf",100000000
"13JoVmSQ7WkgVBCtQYZrqjbxseKGKBR48y",15596
"18pF2zr9aT9JiWhc2b7vdR91Bv7PnncWgh",100000000
"126PUh4Lc8WXqgH8qdvsPeotUdtxJ7GXAY",100000000
"185MDcyLcL1pZaCHjnkU1unWnFpZzKWUYq",100000000
"18J2RzS3ZL7EmhkEqKDmbokLaLXFA9rRpV",180000
"166p1ZBoXnA6tvE73q2SfBHCmtE5FRe1iW",90000
"1B24DsSceVEM6unakQgQ9MQ41WE6LmAj8o",20000
"1B24DsSceVEM6unakQgQ9MQ41WE6LmAj8o",10000
"19Lg3Xqfr29nSEHWA7fbBCCaMaFgU6f8ZF",57000000
"1MN3HGCNNanoAiodztPy2fQRsfiD84Kof3",8952
"1Pj2JeAn8ZX6aRxNc2Mq1BDBkdAhZCFeQ2",16594
"1LVEhbDaJUDJC5KUuCYZo8s4ysk3a6UPvT",66814503
"13kVDNoNWh19jTqQ4Ga3KerhpXVdV2Y9XC",8
"18cwQ6G6SEn18vBqAppNWx4BhVWnnNezSK",14
"1LqAiuTSK2KjXtibL8iZA4DEQhGL4MjjX3",11
"1FTx3Jj17w6SPtj1Rub6t5xRqGqkcCvNNj",5
"1A7LBhDFZPd1RMVz4osoTccxsPGgFTqLQp",4
"12ywCktz2St6bmpYEVXFTj9yRANqUPG6Yz",1209
"1Awy4Y9sUiTbGNrvrJKLtQ5hW2WBMfahCf",9
"1FdcBichMwFx6C3zjWqgC96j6FTeFocj9L",903
"19yjxjcfc2DGRtGEzwVkmPkDiBZ4EGC6Wv",8
"1LFVuyHB6p6uixugB7PUxUvr78sxC62nA8",404
"1LZuhVRCoJetB88x814QWqUcSogPcoT6y2",417
"1GvPYNfMNGwaoN1b1SZy6JK4Zm72ZkK6HN",313
"1Q1ub4f2J2ST2obvyA9cgnfgCf8E1vGxDE",14
"1osmXqwhYxtEHkx81E3fkQJBLR6imE3QK",404
"195RK2kUTiNGspe9k9KdVoK4ES3gNuos4G",1200
"1M9fdXKirajPHcPXTAJk7qnSy4hNJhGetY",4
"12AAmF7HZSPVhYdrq7tUFNLUNYRTof2RMm",6
"13kVDNoNWh19jTqQ4Ga3KerhpXVdV2Y9XC",8
"18cwQ6G6SEn18vBqAppNWx4BhVWnnNezSK",14
"1LqAiuTSK2KjXtibL8iZA4DEQhGL4MjjX3",11
"1FTx3Jj17w6SPtj1Rub6t5xRqGqkcCvNNj",5
"1A7LBhDFZPd1RMVz4osoTccxsPGgFTqLQp",4
"12ywCktz2St6bmpYEVXFTj9yRANqUPG6Yz",1209
"1Awy4Y9sUiTbGNrvrJKLtQ5hW2WBMfahCf",9
"1FdcBichMwFx6C3zjWqgC96j6FTeFocj9L",903
"19yjxjcfc2DGRtGEzwVkmPkDiBZ4EGC6Wv",8
"1LFVuyHB6p6uixugB7PUxUvr78sxC62nA8",404
"1LZuhVRCoJetB88x814QWqUcSogPcoT6y2",417
"1GvPYNfMNGwaoN1b1SZy6JK4Zm72ZkK6HN",313
"1Q1ub4f2J2ST2obvyA9cgnfgCf8E1vGxDE",14
"1osmXqwhYxtEHkx81E3fkQJBLR6imE3QK",404
"195RK2kUTiNGspe9k9KdVoK4ES3gNuos4G",1200
"1M9fdXKirajPHcPXTAJk7qnSy4hNJhGetY",4
"12AAmF7HZSPVhYdrq7tUFNLUNYRTof2RMm",6
"18LmmA1aufwbKz4uxSxXGDLKQ49cuENFtG",10460
"1rtXewvCUMmbsLpzbQxmyrpRqGWSF52bu",11140
"1Pt9c6LMNhufkNWwBUzbZ57Ff5FYbdw555",10570
"138Ne4843cCRCXXs5bZJzE2cjdLW8fbn4p",10800
"112KqVo2r1SjKXQMyNebCPm7y6QeJKtDHF",21200
"1KvTGyoWNW6mzzV8rozbzz92ZT6dCSYnhw",11945
"16kBgsm5g9QzUvQCw3zH1RSMjdHnP6KiN",16880
"1MUJvdou7Nmm8nVX1GTVoxYkGqikpX4cYu",22800
"16zCe7r1FhiSYRapUNYraHWEaeBV6ByHkc",12240
"17eRNCQPCj1dnFZ735KkF7dcaL4znj8D8D",24320
"17397TiK1JMPCeNbMSsoHELJZMmUMkaP3v",17280
"1DhSC1e1FtGNcFPWAYk2QhLDKQv52NsrQN",17920
"17xGLdM75wdDpCp7FsjaMgqm4tkQZuFE5S",21920
"1LuJBH4bZ77eE3gFGwGArcetkxrjdVm7Ne",20160
"1KNuzQEfNPiVX4udorBvf14m4F73fjeC14",14560
"17ufUFjDCXvb5zTSg4rR8hL7PYdzm5dReh",25200
"12HZEbBTPGVHWzzMjB5ZEFS6b8s38AKBft",13120
"1NrzNg5ertrKVMpnNbGVVQps8phj7Geiy2",10654
"1LWp8RcauGeF6X1y7cy4mys1u8YwHtPYrW",16160
"1JYFbNWwsXixJQ3KMbBM4RHZkufreDkG1e",15520
"1K3n4U2RPt1HuMbmkDQ9fT3kbYjockQjGq",1780000000
"114hvMb8gCQv5GsmpZPEkVTp8xXBrwLJC6",500000000
"1HCxE9ospndf1uZQAkyznbkJW32Xko3hBK",5555
"1HJfgKtYGZMPbhgLekDV7wptrHJBQVTYUE",1016216
"17idYFJoQvfm8aUjVKg2gSTeowxWXVgcmF",5005217
"1Jxa8QuBW3WQN11ir5zF7qZStgobiRDJPK",21142556
"17vq7NWBnTsJ1jGGA9JWQKB5DSqqkRAcbe",35000000
"1PvK2Qs113HUxQKmRF32XxjpE2cgrbMV2",90000
"1Cd5d7SPXL4wBSbVspHYh68ejN4M4X8Ar2",4950000
"13AmXnC6jBuH3o473hhBmRQKfhooriXdHu",750000
"15KZa5ApFLP2i9kdDfbT7qvrR5E1xsprnU",1000
"13kVDNoNWh19jTqQ4Ga3KerhpXVdV2Y9XC",8
"18cwQ6G6SEn18vBqAppNWx4BhVWnnNezSK",14
"1LqAiuTSK2KjXtibL8iZA4DEQhGL4MjjX3",11
"1FTx3Jj17w6SPtj1Rub6t5xRqGqkcCvNNj",5
"12ywCktz2St6bmpYEVXFTj9yRANqUPG6Yz",1209
"1Awy4Y9sUiTbGNrvrJKLtQ5hW2WBMfahCf",9
"1FdcBichMwFx6C3zjWqgC96j6FTeFocj9L",903
"19yjxjcfc2DGRtGEzwVkmPkDiBZ4EGC6Wv",8
"1LFVuyHB6p6uixugB7PUxUvr78sxC62nA8",404
"1LZuhVRCoJetB88x814QWqUcSogPcoT6y2",417
"1GvPYNfMNGwaoN1b1SZy6JK4Zm72ZkK6HN",313
"1Q1ub4f2J2ST2obvyA9cgnfgCf8E1vGxDE",14
"1osmXqwhYxtEHkx81E3fkQJBLR6imE3QK",404
"195RK2kUTiNGspe9k9KdVoK4ES3gNuos4G",1200
"1M9fdXKirajPHcPXTAJk7qnSy4hNJhGetY",4
"12AAmF7HZSPVhYdrq7tUFNLUNYRTof2RMm",6
"16hDK2JXSEyQVPQwDzuTDuqZE88fPprthd",5460
"1AXBXSFuvaXL9qa1Wqawru6jskRt6hs4JW",1000
"15ow6pHaYwJornyKWNjsuTvB3pdPz3i1zm",1389987
"16tycw67MnNF2kSn5PXi64CT5R3W1a8pRW",36118245
"14aKCeg8G51wm2FgpqAu9AAo4qSHSkoyUF",1057698
"1cASxkzeBpJURSrM5h5WEfJJvMxJ8czbf",4217259
"1ZyGu72Qvpgbno5KRnuWd6Ujwque2tA4N",2297414
"1GDNZbKDP26DDfaW66462MJDPTAVgCXCC",1466738
"1GF6K2JTmiiuTKzA5nwDfMGxvnHfKEZ2aY",1760235
"15bXizPwQUhhm9116PYY4tYkp9Q2zbpngH",9759209
"1FgHibqCnYVR14UshEDHi7mjHcvtEWM3DR",2720693
"14cKC9uUrGHQ9sgGvAM8rkGEfe5w5fMaYf",6220713
"1LRKrjJCTSAL6K1EeiPzpcFZu3LLCmQxk3",2623935
"1KLCELt9zFqzCRqJnMg2L4epQgnPixShgD",1893672
"16a4NBu2WH1QUhiHmMgiW9yvVVm2x299oE",1000712
"1NZm6GnrUEQGEXMDfWrv5H2hcHZEad4QSC",2385816
"1FWpdSwYDE2Bnk4yye714rwmULKyeGAM8o",3799304
"1NqoeRAj2Ts9j9MpFdixdz4XoAytUSgVuV",1000000
"1LUexfvEJAu2x6UEPtkKcQmDpKUL7FYuCQ",1000000
"1LUvQdErMQZ4xbeLeTjXdH5fzNfdbJmxjP",88859
"19UiYg5j6b2TQTaw1jXwTxxh9girwbT4vs",1391738
"1Fq2B7y9ytjjH9r1bGJTichC2yjWhHh6GW",10000
"1LEyvJV9EvUZay4owY1YBbTSyggrX8KbEm",150000
"1AeTzpsC9uKSgqV51YNPtdnshu9QniM2Lt",800000
"1grHgXhj6qPD7WfRZoMu53BJgCfsfpB4W",26738856
"1EP1ymduYbFe6gHBH8KfVLsJcmZ7BjGQbK",800000000
"12fz3BvEpgD67iid3QiwTR3cyuc4Q8BWN1",190000
"1KRU9bwicRfQnpygnnTLVudoroGTYkqmuK",7500
"1zqkyH7Pfyt2jXXHBb8rBdyiDzfiL7yxx",16000
"185uU5Xw3AdpgefPWu8RVHEv7U1hxbdgwS",24000
"13umcUHDtmw7ECLqfqUy6NBV1mwiEg9Ftp",12000
"1GXhbjDPe9sFqEfDEtWaRR2NiXMVMuKMd5",123000
"1B3mR8u1QbxK3w1qXT1aHdDxApzwZdiq8J",60000
"1AgHnfnn9gtrwnGdbsw6weDoMWGfKnBed9",24000
"1QGwAfWTAhKHW6LHFgpcU9E3v2gCrd6a41",58000
"17dYNGh5Usb8Zq8WDHdA7nDvouxBqYzpQU",10000
"1Lni5hQgbHxVdCiv793Cxef1JZVTANMyLE",20000
"16h3A9ZLaPYRDwbWY5FKZzBikTH3e6kTE2",88000
"17S6cR7wfvsLq1cayc8ojNufaqK28nEDm4",16000
"17Yp3z6C6kKRwf6V9nz5YQvXs5AFTbBf1x",16000
"16QAfr5sQgEcKjzLq1Rq4par7pv3VBHJVF",16000
"1GnJU7DbyyZ4Et6f3b1Ltff4zjma62oFUj",12000
"1DbMkrCA4mgj2SPF2exBxcBrZRnVYzHmB5",16000
"1AaEsRKXfhssJ99uzDB3PEM1E9JDi6qV7k",10000
"15yXbYQnCyeond5ThbzpKHZSVpkYEaJnGQ",16000
"1PFEyCwWK72Ff7tVGvoEjJdzXhWHzgfgW6",18000
"17V8sSnB45Ld9E9RvGRtiGaKbUX6phgsAB",23000
"1JT1vjx4fYLn3CeVdRrVT1woh5VhHsQK7t",18000
"14tBYq3i8TqJGm369oEekeWbXYeGC7tu9y",15000
"15DezcWRUpQioWgZUtrkcDu63z3iVvJL3A",15000
"1KiNx63FHL1uwHXSRmnjhFEXpsnS4sSSPC",33000
"186AgZ5SJxQaU6viqsBa4k1aL6WamMrzTi",15000
"13c1juDxywQxTL3UdBNtB3nEbFJdtg9ptc",48000
"1KsyFmbmdnccPUto1KiHbGZHbtfATLqUBh",68000
"1XpoVd9WLTaDNzsizkpdhAuaRSiV1tbfd",30000
"13WqbGW65mEajFC1xuyTRfyZpJHTcyVvd8",16000
"13K6DtBrzsRU9dqg8pzwW4txJEQtL5Mz5B",16000
"13EjSyHa7C5h6rieVNEbT617X1u5uz7RCj",33000
"1MUJvdou7Nmm8nVX1GTVoxYkGqikpX4cYu",34000
"1CYAuoeGyY2bR4cJDg1bxiQQfdtcVZgN2W",58000
"1N8AUDKjwo81DJXN9rS9fdeZF5w1ZQyarL",46000
"1yZnxoJfcEC95wCKPVxJ47MfPU4SAobEn",30000
"19Vgf3iHp8N27DseU6dYJ9ebgSyeBZkojB",24000
"1HGF1V6sBxCLRWX1pfLkhpwwqqpdZymEmE",42000
"1Fef3ieaqivPNcvYShCiNoKmTYiVbQky7N",34000
"17A5xojCUgScSExqaATF5qJ51AEuS2ZDmf",12000
"1NunVjUmv1kYgf7NvL2ZgyUmWfwB9NtCqt",218000
"1B8LdS1ag5LYKcF7WNBAAj6CPmtiKw3vSB",18000
"16mfit7tvaNo4xjYunfwUH7oG66fXMGDfZ",180000
"1DWvgdnAV3u632gcT8tyMCLwqcnTemcLbg",69000
"14XAPWxyb2ZNKwhGwpZDYF2xNkW8dxC3hv",20000
"1DDJophNGtYNQiTxRfeTu7pAsR6gPMNK98",16000
"16UeeuN3Mwh7w2mzU3JcCsdy5HJnNfPFRJ",32000
"1Q8HU9WVKUGR1zeYiN7disbaj1gjZReSUn",16000
"1EtZyiTbhAcUB4zwLvRosfCwJiqGkYuvvf",30000
"1HMuBqqCPo9vagKzUgnj2s7ukFhG5Ek2Mo",16000
"1crWfCn4CbSKbuoGsUxYxFJku6usCBkoM",12000
"1JvKsC3b679YFkggwCtMJanYRnk5Z34quf",19000
"1GUwUmNgCZARZKCmVFWnK29t9MH6srJoMc",16000
"1Gn24gMmfyAtV37hs56h2hqiP1jm8MqLhH",44000
"1LEyvJV9EvUZay4owY1YBbTSyggrX8KbEm",54000
"19Sy6dffXNtP6wBzTSnCcoQfRaTMu7oifA",16000
"1oiGLWGcthYqWBJipwwuKJeQ6uRpjGCmr",80000
"159uRhZ3nGdzpr7Ly8RqCoGQqnkaGSDAPg",510000
"1J9BxVWPJ7Uj2StjUmXJPNpFkCn9gyLJVq",16000
"1JgfPEykhM3ZZ9nfuuWKAXJvrUcYJTbXt7",32000
"15R36j7r27gPNfF6BvaEPevF3k3gfCzqcW",18000
"1CxFQuPKAtMLG3Hk8As86dYEBpVNRFbqz6",40000
"13mS3v8NxV1hQ91crgAkoPNGrPojT8pZDF",28000
"17RSJGxPED2uxhvStt6jy3oaty18gpv5g",142000
"1wBptGSULXK1sVGbRGZVXm2uvrwjf7bLb",12000
"1CeCzAGmCLDuwymvddJ9Nc2gpUhPyggoZt",68000
"138Ne4843cCRCXXs5bZJzE2cjdLW8fbn4p",52000
"1DrzPGcsv2AfDWrA5D1RP3Ydg12Y1LeVtc",20000
"1MZrLUBSxYU8EsRAtx4P9f1gGay9e6Z8pX",14000
"1DicB26yUHtyBpTkEPL2SbGPzQ6ujdJwZi",22000
"14r7SJGVMPjVNpvk3Rbr1CRvaqdVadM1Qv",35000
"17F8AAbAjEeDVGwyCdGoMpYDscWQ6wrJpv",1269000
"1Pz3iT9ioFiZjvvocU8HkdBfzoyENPaZuQ",68000
"1AW37GRudwTSjDzGjCibwojobgjip6ATVE",24000
"161JaaRz9tyT2h4RonBEbYrFhdNBhna1Nk",30000
"1Ej2jR2xVo3dM7jbdsDJxL4BFDgWBiHLUF",34000
"154JsrNbos6CGYco5PKJr2CcKbJ65ixPZp",28000
"1FzdENpmGyNhKcEbwGKNFoKkSP63RMr195",16000
"1DV7aEWC22YQE9dpRijVjJFznt2fM9vR1H",60000
"17XJvJonczjwp8jR5p3yE9Uw2v7n6G3gbr",16000
"1LifGUeUtrdvcajc47be6RDJv74r4k9c2y",13000
"15vDMYcWdyzhvF4Mk5cwhZ1TGqDyq6G76Q",75000
"1KZDLeeKgukFHFsgcPWNsVddN8cpsQbabh",12480
"12jbHFWRtivGTzsKGK2GQMWJJZyiLSvUfT",12000
"1Hot4be3ZZnkUjsr6E4fYW8a1SMmVkBd9m",15040
"14mECbJWvXkHhzL2zAs24E9JdTtWQLUpya",15360
"1JENPBicWqhaCKC5CMpNAvEGCZd93BEdGN",10720
"166hpQdeuaP67uAyGJQaVx3bsL3Myz8bxw",14000
"1N6hah1itkeEwM3ug4ZineitmhdrZ4hBVp",15360
"18yCUeHbiLfy7Vz3DUjTPE35mrhHwWmB3J",18720
"16cyNjNZRYhUBEd1HSH9txUtbrKP9GfWGm",10126
"1R2wj5dUqAzZwz4ciUBeHfC96KDnMjMcZ",20160
"1PHijK63mRw37tmw8AQZxaaBouiko5eh94",140000
"13kVDNoNWh19jTqQ4Ga3KerhpXVdV2Y9XC",8
"18cwQ6G6SEn18vBqAppNWx4BhVWnnNezSK",14
"1LqAiuTSK2KjXtibL8iZA4DEQhGL4MjjX3",11
"1FTx3Jj17w6SPtj1Rub6t5xRqGqkcCvNNj",5
"12ywCktz2St6bmpYEVXFTj9yRANqUPG6Yz",1209
"1Awy4Y9sUiTbGNrvrJKLtQ5hW2WBMfahCf",9
"1FdcBichMwFx6C3zjWqgC96j6FTeFocj9L",903
"19yjxjcfc2DGRtGEzwVkmPkDiBZ4EGC6Wv",8
"1LFVuyHB6p6uixugB7PUxUvr78sxC62nA8",404
"1LZuhVRCoJetB88x814QWqUcSogPcoT6y2",417
"1GvPYNfMNGwaoN1b1SZy6JK4Zm72ZkK6HN",313
"1Q1ub4f2J2ST2obvyA9cgnfgCf8E1vGxDE",14
"1osmXqwhYxtEHkx81E3fkQJBLR6imE3QK",404
"195RK2kUTiNGspe9k9KdVoK4ES3gNuos4G",1200
"1M9fdXKirajPHcPXTAJk7qnSy4hNJhGetY",4
"12AAmF7HZSPVhYdrq7tUFNLUNYRTof2RMm",6
"1NhB13ttZWJ14ytw75P6WmJfmEV1Y6UT7Q",100000000
"1HfUNaUYMkiwmqQvGphDvGR6zY9f5Snhep",1000930
"1MphZghyHmmrzJUk316iHvZ55UthfHXR34",3175528
"1GFutbQH2hGmERjvo4TzV7ddF4NUuk4wkh",166895
"1Bn9RqfPuTApyzJLcdhRbw2VfXYkXhnyiu",80000
"1AzNDULgbqYvEscBpHTpQ836xyc7UKYjxJ",90000
"15Pb4fQ17roxwEjBvG9fVn5xCxCXdeCCFX",450000
"19a6nHmdmNB8s9WdZWJduwaR3JApw7WtL4",1000000
"1MZH9JxQ5H6DjdbpP7hffp2t62BJjvwJcm",1009586
"1KhJF9ngKkRWkCVEGdEKnAE7ZFoL7Z4VfP",1016602
"1tpQCPvQa8J4GbUH6QAkx7PcLQfpeVZpD",1029074
"1CAtLWG4vvfsn9hmZBHSB1ET7HGx7zgSJ9",1030358
"1HgBVNzFnMfTxc3g7fMUDh4uK3SLyTF9qU",1017998
"1N6zvN3mcu78hkK9x1jtvr2mwvHodgnH6f",205036328
"1QEAbMxD8tMnU3xQodKBs5rjKmwEesRXoz",11000
"18xfdWr13xyzE2u2GSKx7BhRLCpFmCyjih",18000
"1Kz9zyqukttA6F3MUAAkqDuacz4o4ZfrCn",10000
"1DeQeMe6averXea6xzKXqPgFX9cTP9woC5",10000
"17gT1QtGaPsT5oMA9zWN6pM4ptTRGrteuG",605006
"13kVDNoNWh19jTqQ4Ga3KerhpXVdV2Y9XC",8
"18cwQ6G6SEn18vBqAppNWx4BhVWnnNezSK",14
"1LqAiuTSK2KjXtibL8iZA4DEQhGL4MjjX3",11
"1FTx3Jj17w6SPtj1Rub6t5xRqGqkcCvNNj",5
"1A7LBhDFZPd1RMVz4osoTccxsPGgFTqLQp",4
"12ywCktz2St6bmpYEVXFTj9yRANqUPG6Yz",1209
"1Awy4Y9sUiTbGNrvrJKLtQ5hW2WBMfahCf",9
"1FdcBichMwFx6C3zjWqgC96j6FTeFocj9L",903
"19yjxjcfc2DGRtGEzwVkmPkDiBZ4EGC6Wv",8
"1LFVuyHB6p6uixugB7PUxUvr78sxC62nA8",404
"1LZuhVRCoJetB88x814QWqUcSogPcoT6y2",417
"1GvPYNfMNGwaoN1b1SZy6JK4Zm72ZkK6HN",313
"1Q1ub4f2J2ST2obvyA9cgnfgCf8E1vGxDE",14
"1osmXqwhYxtEHkx81E3fkQJBLR6imE3QK",404
"195RK2kUTiNGspe9k9KdVoK4ES3gNuos4G",1200
"1M9fdXKirajPHcPXTAJk7qnSy4hNJhGetY",4
"12AAmF7HZSPVhYdrq7tUFNLUNYRTof2RMm",6
"1KFFRPR5TjMxMekWag91oPDc19nEGoxEkc",10000000
"1Jb7y3fm2Aziowjd7zh2dfXHCJzzsjK17C",279160000
"1F3fuhrFjDYCbCUKdhMdNZMyiL26XUD1zW",20624162
"15tpRNAEtWGSRHjqF9CcyFZDt7h9RUSsBF",10202066
"1Cv3kSaMFMcYW2f92gcRfnAdixRmMtSamk",11578432
"15sFkE63WGawvzJvwhsZnGwgVBb56YD1w3",10259846
"1FRx7CrGKNKfuxXPgYhpJotmpcR4RQxkE8",6443682
"16PnaeDg5BUJo7kMsyXZZWFarXoj5Bp3pP",10711133
"16SPNHiQatVdTv8ZTh266VNH8QSqEWDRKV",1000000
"16SPNHiQatVdTv8ZTh266VNH8QSqEWDRKV",1000000
"1P7VYcnSCFZLPuYWJyhEZTY9BB7qxYVyZW",1000000
"1CoY9w2FKmficaJFSmJrY9Rso9hq4B9GXY",1000000
"1GgKgNCTe87LET5c5sf6bG3B4iWw6eaXZ4",1000000
"1Ne7hyiW7ge9SsCeE1cNFFLBX8RWfDabrg",2653605
"1Ken63f2NtyDBzfEz1s5APrN5WLYyLjkfv",1689555
"1MardbZQPYR5XsESs8pk4FuFAsc4sduv9E",84477
"1Dswt3PZQrR9NPcTDRjVZxZbEjpvDfHnjv",506812
"1KEzcEyt6z9uP1CTCh9hXFHMNkkuxtU1e6",11760
"17Q3hmVpopHjqfMJojVAgyEr4k8CVDetAA",11100
"1CiAk8nZBHvyY7MEu5DdQcE4pAiS6V1RTr",18720
"16LkvAXfR41LEPxWDN98XsyNryWDXfANLk",13120
"1ESWxCh67F887dwdQwwLJAE6B6pBWc1mpY",19440
"1GY3TioGcLXogiuXPsYkEx92enbSzp1EQE",13680
"18XCXkMgP2zSeUV9k8v8fP9LVf55K3HFAy",14560
"1HZmHNHjk9ph5wqNYAKsypMS5BxqpN6Sod",17200
"159zLMFagTi7LAhVoutLU2qwX3oJYTdpAS",10720
"12Dwo8PV1VksLssbYax5UrKyzQkRBKCF7B",11680
"1CeCSGWJnzVmNN7o2dLDhodwbpqMpKcDR6",18720
"16E7YyY5sTCz2vrGDV6CzBYKWDoboe3i9a",12720
"12B2FocRLCRK9TUcpsvNevHhvh2g7B2K1J",10640
"19sw587pS1mqXqCeiWJEq3dg2FkevosEbp",10400
"1D2QiTkDGWAAm4D54SSDFPz1CZz4M5voPo",10560
"18Q6GBicPQuZK6Uz2z5MbX7fjZvcpo2F54",10640
"1CE4nT14YhH494ot8KQ8MaatFfcpMoCdYH",11600
"1J5kLkSaK6hGjFHQDc8PbqoYAFn5Wr95hd",10710
"1HDRiNFgxfW9shRgKbuggxV2iFDwqAdacv",9000
"1PoD6hZ9weFX1Xp47Cxg18G7Kzh37z9GRp",175750
"13EcTkhtrGUtQah78KF2HSVPfEiaJtj9Zs",102750
"1MQNZEcKFYasu345iuSeM3nUF3yAXnEVaZ",10500
"17tHjJ6Qy2dPPcWsmLJsRMeF1DHiJ1SFx3",8000
"1Mqh6rbfNL1aMYZ7nbra1uVcAtGmA2Aisi",50000
"1Hot4be3ZZnkUjsr6E4fYW8a1SMmVkBd9m",22250
"1GjBN1n5TSrAmBuxFEqNazJNW7tCUiXTvR",11750
"1KsgYXT4C73XX9QTi3fDaPY3cxQBBypcAQ",5500
"1Gm6ud7HhNs4mgZh4hcnZR1KcVFFPfuy2p",14999
"1FzdENpmGyNhKcEbwGKNFoKkSP63RMr195",29700
"1B7QQz84LMRwGpbzR258uKBm1pRwK1CWrk",6200
"1osmXqwhYxtEHkx81E3fkQJBLR6imE3QK",5500
"195RK2kUTiNGspe9k9KdVoK4ES3gNuos4G",6250
"1G4KqbSaUuRhnn2tttRqckJr1cf3GUMef9",16150
"15mgetkK8yFVFkpcJVPmXtCsp8PJmp6k5r",13950
"1Jeek46rNzUdp2GRd6H4P1mTWiQ6mq3q15",13600
"19xgaYNVzzQSu1MVehamu46XfRFC7ipUpD",12000
"12xVFwLV3nGmfNx92UhNjnSyHMiWLZcyHY",12750
"15yBu7JEbozV21QTQH9CAq9gwQC9hSVJfx",408900
"15aG1FxGo5BMiZFe7jyhKzM1FuuBTUZ42J",9250
"1BBjW1kFUVtf9qQCXzb5yb2U8sJREfxBtA",13250
"19nQesZMCXA9XzA2qDrCh7cwjt3VBH1eZC",5500
"16wA7H3RE1grxhxSYLJGScEJgTyjVwKrAh",59250
"13ttTkHKxtwn3tPe1jmPzc6qxBLbYye7P3",123550
"18em2ZrDA5twWNfvDBztzCpsemM7pTUj7w",5500
"16kgv1jum6MYJhfzEPmS9NTbEtC1sAeesi",47000
"1FwPEqeSyYEvRpVzYjWNfE12tZ6dQv2W5n",7250
"15Bi9P8eh1nAJC6Z1J7ugVZGmtXenZzX3U",5500
"1PMCS3Fx3HkyfucdYAxP7tHq2Q26B1SPTr",6750
"1LTtmF1Jx5RVJvLMv4s4s9nQh5CMkvWXXh",10250
"1H3eV5NiEi1i95CsfdYrJ5CJ7SEuScxTrY",11500
"18ma73ZxVethGQti23Kqq4L2ZGXZ3651ZA",6750
"1AvSRSokfRqbp3gzZaVi47jfoF4uMTnVAo",5750
"1GzpESNkV8Ft5Ntbq98TjAJLTpqTfoTgtm",5500
"1KDUqqLE938xW6BUP9fBoXWK45vPCVNimr",8250
"1J7j8BpxXNgoPfEsM1rWit7MAxVmR81V14",6499
"1DhSC1e1FtGNcFPWAYk2QhLDKQv52NsrQN",17000
"1o6gW546PV3PSMtwPqMwhcBvk4VRLR2Lp",8750
"1NCVvvY8HdBTQbUqPB77asas3TFwDKEDS8",5500
"15i3euq2vVPbAmzbYaUrhVS1kRkHRdKb9x",18500
"1PdUQwpX9UrzdSFMZQCDpXJQWeC2vN36Hw",7499
"1BMJCjHzWg8zhrGMvvH3NmXTFqr4fUnXPb",5500
"13hafbbYbA9cyehwwBweDANnntJa3TejaB",12000
"1LZuhVRCoJetB88x814QWqUcSogPcoT6y2",6499
"19Hh7SyGThJb6SUSHmykwyXzvZ776qqBan",5500
"13ncxzotaZ5J73fPQDSUAzzDWq5jgsztPF",5750
"19Sy6dffXNtP6wBzTSnCcoQfRaTMu7oifA",7499
"16VQmHSgA2hxDWETwbusvbpQ5qUeQovfPy",11250
"15ktgPXEw6pE3VRc5dM82CXWSrmPr8Xqqt",7250
"1JwHsNBggi2XWBc9cXnBBtF1AvS8wXrfxT",6750
"1MLn4scToVQAVDwkd8Pq46qCSx6w8nSB5V",33500
"12jGFCkQyVPPBwcmUNbiiJYmQyx7trAPDw",5750
"1EXoVPYZPjntkDdH6e9ySLLjcoWEd39St3",25750
"1Gv7aH4qzwG4iPrAesk9JwWv1EXdKtQkZg",6250
"12sZYq2jN6TWDDzY4bzja3iwgPPV3712UL",5500
"1BGmpdyr5fMhhFiYHSTarzRKM4gsodh5rv",6499
"12QKre2qwvvXPC3c5arPgDGBKDnJS1LqSY",1483066
"19EGKqTwxV17rV7gaqLJMxU7yFbLy8Ya7R",499025
"19bHLPYZMzta9LUyBWJVNNcvkLJ4jGGUSe",10000
"1H5q4ohWrLJ8Cqe1YWEM4cfcL9pfJuusRn",10000
"1HViWrKU6nGTSpU9YAHqES4mXbcEpi8RNv",343970
"13kVDNoNWh19jTqQ4Ga3KerhpXVdV2Y9XC",8
"18cwQ6G6SEn18vBqAppNWx4BhVWnnNezSK",14
"1LqAiuTSK2KjXtibL8iZA4DEQhGL4MjjX3",11
"1FTx3Jj17w6SPtj1Rub6t5xRqGqkcCvNNj",5
"12ywCktz2St6bmpYEVXFTj9yRANqUPG6Yz",1209
"1Awy4Y9sUiTbGNrvrJKLtQ5hW2WBMfahCf",9
"1B17Zh95h5eZ9VTNag9e89qabbshUiByLr",1204
"1FdcBichMwFx6C3zjWqgC96j6FTeFocj9L",903
"19yjxjcfc2DGRtGEzwVkmPkDiBZ4EGC6Wv",8
"1LFVuyHB6p6uixugB7PUxUvr78sxC62nA8",404
"1LZuhVRCoJetB88x814QWqUcSogPcoT6y2",417
"1GvPYNfMNGwaoN1b1SZy6JK4Zm72ZkK6HN",313
"1Q1ub4f2J2ST2obvyA9cgnfgCf8E1vGxDE",14
"1osmXqwhYxtEHkx81E3fkQJBLR6imE3QK",404
"195RK2kUTiNGspe9k9KdVoK4ES3gNuos4G",1200
"1M9fdXKirajPHcPXTAJk7qnSy4hNJhGetY",4
"12AAmF7HZSPVhYdrq7tUFNLUNYRTof2RMm",6
"129YPuQAKdtSzsdvrMjeKTdcRKWNiPymFz",1044138
"19r3hfPCrJBoqxB6vK4SHFSkxdeeVm1dGo",1575940
"1JSs6gYVPPApuPowoB47CpwGpZMT6XX67o",1011919
"1GK2Fk3LZX5SSuWvEMbrAwQDf9TCne6ceK",1428427
"17BwrJYtYMhjb7KZ2dSz2TQSYRmAPDTeAT",1015531
"1LZjU97j4Fek5ouBJwtKinYDUGmneBx3oN",1117418
"1KfKfKmHRZccsvsc28sfmkBLV1jV7mfeVz",1106976
"18gRhSMR215yEucMZL1pCKRFzyEwpbGcN6",1093009
"1JNEdmHMqkAJMzRgNsjxGmssmMb8b42uPv",1068563
"14jmnTR58Ktbwf9idjTi3tzoChCuhEsZYq",1077917
"19KHt4QiuoxJqpUpeB9hngFDiSzuyvWCU9",1917554
"1FqRSSz9hLwZXmhcHniKotRFjB8JkAnA5k",1012121
"1A1GKzSdYfjenqn2YDXnRJ1hbWSxm998X8",1035208
"1BimDjbJa2wo1wiAS5xuTELwjghpGYxvc4",1055820
"1Cd5d7SPXL4wBSbVspHYh68ejN4M4X8Ar2",4744
"1J1s12QM8ePnN9fMxhDAAxhuhReqvRdWF3",21232
"1GekHzW5sp7p7QLGZR6BXPw66Pax9EQqJD",10000000
"1GEJgYVb2vEJTnd3VvD1vU3QkA4CxD2ynt",870000
"1KvhQCM3o2dxTZv5NNFqLXhdP9TPv3788c",480000
"18kqpPHe6c1DakYjCtMzdCKTScFHp2FTaf",1000000
"18sgMwsgoZ5ciMwFvqiVzqHcdp2NvN5i9q",12946195
"13uZiGEe1nCkNwCTn6HcJwpZiE5g1RSWxX",43865528
"1AikcmG53WV4AUAbLCdpxH1J6ojAQhevNB",150437592
"1FrpjysVHT9jvqAaCYXy42jN1CVrGGC1Qc",106707732
"1PeUapR4Ly7uYvn1t3MaepBXQte6xf7Kgy",2166672
"1FS2HL6iEZj1sFpRGAUGc6fhHgqAkbEqPY",20000000
"19Hj9n5peJG71zKYpUxfwX95o8x3WX2Co6",1211000000
"17C6YAkCoAa2NAaxPShZdoBpv1ginovkpM",40000
"1F1RoDnk8UCqZr7p644kJSmbDpCwXrWUTb",990000
"1BJx7SkjtEcSw3n5HscpXQY5DpcTZdBxUm",12549055
"1KGTs6qNMqPKX6qGCL5QohrpcrMYAjw83j",100
"1PsmfayZLpf4vp38JW7eMCWALqxD3xuZdN",10593
"13kVDNoNWh19jTqQ4Ga3KerhpXVdV2Y9XC",8
"18cwQ6G6SEn18vBqAppNWx4BhVWnnNezSK",14
"1LqAiuTSK2KjXtibL8iZA4DEQhGL4MjjX3",11
"1FTx3Jj17w6SPtj1Rub6t5xRqGqkcCvNNj",5
"1A7LBhDFZPd1RMVz4osoTccxsPGgFTqLQp",4
"12ywCktz2St6bmpYEVXFTj9yRANqUPG6Yz",1209
"1Awy4Y9sUiTbGNrvrJKLtQ5hW2WBMfahCf",9
"1FdcBichMwFx6C3zjWqgC96j6FTeFocj9L",903
"19yjxjcfc2DGRtGEzwVkmPkDiBZ4EGC6Wv",8
"1LFVuyHB6p6uixugB7PUxUvr78sxC62nA8",404
"1LZuhVRCoJetB88x814QWqUcSogPcoT6y2",417
"1GvPYNfMNGwaoN1b1SZy6JK4Zm72ZkK6HN",313
"1Q1ub4f2J2ST2obvyA9cgnfgCf8E1vGxDE",14
"1osmXqwhYxtEHkx81E3fkQJBLR6imE3QK",404
"195RK2kUTiNGspe9k9KdVoK4ES3gNuos4G",1200
"1M9fdXKirajPHcPXTAJk7qnSy4hNJhGetY",4
"12AAmF7HZSPVhYdrq7tUFNLUNYRTof2RMm",6
"1BZP2Z3Kxvqke8ReZV21mXaDn2jCK3VHR6",6424
"1jSNkqTrWzYvMxxvmDRV3iuktsCJjCe6t",10000000
"18DvQMj7tQViCbzLFwbfczU8bAUM2uTcvC",10000000
"1KtW19YL4pS4QkNwTjhqbiUs6pX5UzeNAR",1150000
"1DDEpvuPohaFnxQ7Pj2V8MaSCQSR5ZUyay",700000
"11vqSBnvMsdBMvHPeqDLMxnWp3MXGyTXH",10000000
"1EGNxPiZ9TpkTBcrKfxSsW6PbUy5tFJzXt",221
"175UZ1M4ZTC39rFTmS7pJWgXKdeXZYgX27",662
"18t1qanFAe6uJh2iYxAovpDXfVc9DffT4R",1988
"12Y8AyZmyx7sttk7HyWW3fatJJ7XHCgwGy",14797
"1CVgxjaSofrDbaXraWdaiccV2Th8nGW8co",48368
"18Ftv8CpCnKJJtaZhC2HraUVhytuaH9Vgi",108911
"1DSZ3wRpNpw8Zsib9cUeiwf62dKrXo7tXw",244933
"1GvwrwST87XKxm8S9xHoCWx58Z1ZNhJe3E",271795
"1KuMYXCVKYFma5Mw6Ug3hHMVZqffHrirta",427474
"17tJdvSWJCnFr2gTCGh9d8rVDMAriqHptk",769349
"1L41cMCBH4iA4uuS7aeLi3dbbRvnrfiK2R",1000000
"1HQGdGA7dqSxVg3x4C5EhLrtwxRhd3b17f",1000000
"1PxgDCJzwkgUEbZVJhMNcmfx5pLn6wzsAE",1503817
"1BCHbq1XwP17qQ7FYoFfgG4ifchaR311jb",3796795
"13VuyjLJ1N8eCv4aMwEH1vY8s5ery8j3Lm",1774527728
"12Sz1yjHkbM4QXFbd32staHs3czgYTF64e",5000
"1DeuJ2LQgrW7knjtHq2AS5UkXQu4Up7M5s",90000
"13kVDNoNWh19jTqQ4Ga3KerhpXVdV2Y9XC",8
"18cwQ6G6SEn18vBqAppNWx4BhVWnnNezSK",14
"1LqAiuTSK2KjXtibL8iZA4DEQhGL4MjjX3",11
"1FTx3Jj17w6SPtj1Rub6t5xRqGqkcCvNNj",5
"1A7LBhDFZPd1RMVz4osoTccxsPGgFTqLQp",4
"12ywCktz2St6bmpYEVXFTj9yRANqUPG6Yz",1209
"1Awy4Y9sUiTbGNrvrJKLtQ5hW2WBMfahCf",9
"1B17Zh95h5eZ9VTNag9e89qabbshUiByLr",1204
"1FdcBichMwFx6C3zjWqgC96j6FTeFocj9L",903
"19yjxjcfc2DGRtGEzwVkmPkDiBZ4EGC6Wv",8
"1LFVuyHB6p6uixugB7PUxUvr78sxC62nA8",404
"1LZuhVRCoJetB88x814QWqUcSogPcoT6y2",417
"1GvPYNfMNGwaoN1b1SZy6JK4Zm72ZkK6HN",313
"1Q1ub4f2J2ST2obvyA9cgnfgCf8E1vGxDE",14
"1osmXqwhYxtEHkx81E3fkQJBLR6imE3QK",404
"195RK2kUTiNGspe9k9KdVoK4ES3gNuos4G",1200
"1M9fdXKirajPHcPXTAJk7qnSy4hNJhGetY",4
"12AAmF7HZSPVhYdrq7tUFNLUNYRTof2RMm",6
"1648eYk2ZWdWg96By5qestgYMV9DdidX1t",100000
"1GY8XsekUkUiX7CS19sVVNw3w2WGcJREnF",2
"1Tt1UvKo42rTr5rSDZ3TbGFUdoY7cx5Ji",196209119
"1DbPR5MznUXymCYbidE4ujCPeVFyqCCUhU",1570839301
"12x3ThY5oBvuTgiSQQDAs6VYv4fe3fDYef",3423261
"1BDU7soaCkwbK6eC3hPnmcwAHtUU98d4n8",150000
"1QFjHRpLLqZc28Uoot59xzbtArgQxdT8fa",2338711533
"18Bw5HJLRKFtGdEbSe1z5gUfMTcpn7KCXF",1539000
"1Do8i7JgcBA7TyUyfrPSmhxHit1QnHn7aF",23869948
"1EuU26je89xRhJmNqA3vL8am6qsAPM81ee",15784720
"1LTFwUYk5cmrNG6nJuMSs7WFiKnC5h9vvr",807964
"16ScUVKppM4XvZRwLy2xSPah1kazdoWg3n",460000
"14vgsTgcHafLCRG7W5XtnSqwNPftUpQY5w",2000000
"1HsxFfTDxuXgarboqEGpz5CmGDX5Wg3DDx",14090000
"1Jsgmd852u3hBoXWv4cjagKvT5eCp5ss51",10320
"1HSXAmkPo82N7fXqCHb1Z2XA5oGMTPVCUS",17760
"16nrQUTp9WAbVipkCoK6C35w6YyagXK9jg",12720
"1AgothgjeZ6knsb1Qvxc2bvY1JayxZFDJL",11520
"15QS9KgX3UVZgLiou9t68F2xarRXNbmgdg",18720
"12jbHFWRtivGTzsKGK2GQMWJJZyiLSvUfT",20720
"1DhSC1e1FtGNcFPWAYk2QhLDKQv52NsrQN",10480
"15hsMv5DVz2Janxtsmb9WRxJ8uGVNVUcXH",20160
"1JhVbSxRFJcwQm3sxvxwM4ndR7rGtENnvK",14480
"1P9CLxoCEmsGrT7pDmTYd4hznSH2VvPK1L",14560
"15hLqvDJS1nPWTPpoHMHaH14WdEpuDwjbi",17840
"1N5Y2WQhi9AB8nKm1rD9EtAYhktmGgwEUf",13680
"1KLhknhbmtnEdr1uSHcfgyKDrkq5t9o7Rn",100
"1N3znzNbeUJwSnCpZ45bNfWhToqGnn5HP9",100
"1jrupSiiJhnzn7HkKf9wNdXnzbsh3F9yT",100
"18kM8Mff9M8H3hnjHeA4W95kFhHetD9TyN",100
"16uRaknDG5T6hLJz9429KTN4bekYmFebJp",100
"19JfTiNj8s6T7vuTPS9dZXsykpDrWePiUe",100
"1N7DjZmMdwMeV9xR9bVAwbhBaXyufwyePq",100
"14dWZmir71buwZ2kSvN1TLT6LwaYdgLoHf",100
"1iVGhf6XDw2JRTHnBi9JTzNb5k66gUkrp",100
"15hVwAW1Gec4nkbej6aLNA4mCEJFiEbwM6",100
"1FQr2nMmhmqeq9LJNFU1uzGSVGtEw3kFzQ",100
"1KYEgQweLyU3ByWcgSSwoVKBqM3aYYknGW",100
"1CsZp6ssGmHPubgaRvV1NZGQ4JRkNUsoMN",100
"14gb2KrGAxKGURUajvopA1FuDS8J6rarmh",100
"1QD1WqbXthibEQreVcNeL62A5iFxXhEnpU",100
"1GWoD8EhgPQ6dki3A1622UWkUaoJcp9yT7",100
"18gnXhxekL3E1o3afUu3wDVvqdXusoGTpc",100
"1EUAAuvfRKeGSst5inFJLwC8GDhPH4cZEk",100
"1J1X34jw3bvmHfYv7uDPn1ydAdfXxhCguS",100
"1NxZBVycKqiepfm8yYoQFW5uiNCiUGRNXt",100
"18Q6GBicPQuZK6Uz2z5MbX7fjZvcpo2F54",100
"1JsNYZDHrTUJmA25neust1cfSSGPMsp2Ry",100
"1LEL4j32qmvMZ2LEhxmrfbkhSg8MmeM8Bd",100
"17x1qfuByYLQQSTEqumHoRYjxKWtdpNP1b",100
"1wFRbBYtobmsGgpfSvTuWdoUiRXAfGAg9",100
"1Bi9NgZWdsjotX7DwBffF6oxnyWYqSJzc7",100
"166dkhm9yn4xMqkb3rzCiCWUapTJTaGMCW",100
"14NWChNJmu2VYnfVDtFVC8gjppX3zGKAzn",100
"1HThS4HnhZrzAGwWezvVNwNSJX6ZpfWgKS",100
"1AdA8xLKM3QKHvqtNC72bT6w1B7vnpi2xj",100
"17RZjfaXgWwRoevrysSGUcDQ5KkTSbTjfC",100
"146Lm3E9s5E1aEMpgn1ifVb8Hyedt3D6vS",100
"1FyzUcoq7Tfev7ReXaYBxPQBTq5PmFiSMN",100
"1FAMFpSj7rZsZLvNHLYJCqLfpGMaoqfQUX",100
"15mvo425iYHRZntjnhj9NDMFgysHXhytek",100
"1BgmJqVifmXaDEuWimsPdBaU4Kw6HptnNe",100
"1JbpkWQDpexkiXuycWAc8eTWno17VUA65W",100
"1Jmf59nWJcdcXYCWQE1AhQgPpAfYLHyX8d",100
"1LTtmF1Jx5RVJvLMv4s4s9nQh5CMkvWXXh",100
"172iGd6WidsmtFxzcXpys9GHtzFG8pHJCD",100
"1P6mubnxcWep9X45XQoeX7q4XF7WHWfpQw",100
"1GwBMxM2WQqQfhFRgw78doAw7NYVrTh8kA",100
"1KGbgR5JijAuCpoPqh5iFWte1UeEmMyKAc",140000
"19EGKqTwxV17rV7gaqLJMxU7yFbLy8Ya7R",60104
"1JmbyFgnV7iAHQRBs5nCFUiC75W4diANuX",2410000
"1PvSWFMGUjrriTDTr8SgYRFiq1pDGhTiZB",1211040
"1XAzCAMPFab4RKbRFkrVpHfQTWBMcs1Wr",1004037
"15M3t92W4i5hBeBNhWQ4piECDkySfpFNby",1002230
"17MYCS5qsfNVdPoCQdvcG2UAQTX2xBsSRC",5296357
"12gsrELPGbDi5hKXwL4mZ2zsmMcUwAfwUR",10262423
"1DK5F2tTPRQguCB4cj17otEBnAzgyQuUGK",5000495
"1HiD7xgKatfRDKQtethcUR39kyv5EpcRZs",2009275
"1KQ52TRUKWVmMopMYMEEUqNnAWsVuVXpyK",100800
"12gk7atCThf3TMzDcDuop5x6vbNb9qis7u",2029000
"1DPM1HEDx5XWo2oht9ThhAqtAb5yvtgrMs",8412
"13zTGmzs759NSCTwMauLV4wHR87Ye6Ao8E",13593120
"1EjzjzT22Uv5Bgvh2LxaXHj3mX2jCAcLgz",14774337
"1FSTgFF2aUzvadqcWmXXctwiDftWVezHet",4104306
"19MaLwPkYLwSDKPKqknnsunQxbzL9kJDwz",10000000
"174vAFpwoWpPnsmay2Zw3pr83eDqHSVKVj",1012567
"1xbbjJcbeD4Qi88QmJmMgTFSdm7b5WCG4",51595040
"1DeMqFkasFbbkhicfdSx2egHvfZzJnX8W2",1057112
"13k4xGtKyQ1RKeaJtcnBuu6UAmdpzzTQXS",25251153
"14iRgMeTugac2UFnn3apHw548k1Yi1cvjg",4061201
"1LEVzpmM2sJ4nW9gZrRtVqjZ9eoWg883Qu",1265903
"15nsUJMdVcug7dhFAK35PSijBCsrJKxrMX",1047575
"15sDx4XT7kAwpXBs3BuY2DTXQQ6tme8AQT",1269164
"12GuU49EFiBNy582xLiJL3q6iWs1WxkZmw",5133163
"14HP8mUZhyECy2AmPEYgLeAgXZXig2AdRw",39360
"1C8hG2sp7SibVAX3L4gV8KESHGE3p3L5Hf",90000
"1NkgNXy3j2riNEvJsL8CYBFWJuK5xwPwcG",600641
"14pbcdKSokmFT9kNwCPo8qgNRhoLkyKnfn",390000
"18t1tiMhqLvaHbK4mk4M6Y1w3xiPXDyQpP",950000
"1N7pRP56XhBxsDUeLFGRwf1gXMghyEMCmW",18000
"1N7rC8myT6tYnehA4soYbso8Pj69P7GXus",12720
"1LFHat2C7RwmixYbPXpXFc4NoreSzKL8Sc",11280
"1MEmyxz89ErvaiUCyVL6XTrvdfvF4ZHGew",17040
"162GEH1juyKVFdoAstRuXaKe5sc4tYHMby",17040
"1KqW68szDEyfmR19JKtRmXvVKCSiSN7PVU",16960
"19Cs15NWgAGEVpaFzVpBnPRnV5zAgTC3BW",11440
"17JaFmERCBJKPP9E99ochfAXyHMPDJaysa",10100
"1CvSDN6N2zRxNkxZeweSNhVxhcKhz1hoEg",16320
"1PahxTYg8SCa3MNXnQfYaz3PRcfbwhL4sH",17120
"1PCj7NBMBqFeubkhQXcCLsVRjiHJ4r7eNt",10640
"1LCwTQjKpDDxVhMhaeeAtmT1TZVsrq7BPN",16440
"1N7DjZmMdwMeV9xR9bVAwbhBaXyufwyePq",12320
"14deF3H2fft3jEL6t5PN2zwmUYw4yifAqR",10720
"1DWLRD2uMQa1U6Hr3DzD7tWfUVwXhDPo6W",14560
"1133o9WSjL5H7fvBcYUAwCsEWVmZVPyRRH",18720
"18HbPQhC5jpLnWjmedNpK6vHWsr2bMgRpN",17120
"1LKrVYCwfmZQ649Jj5piBLiL8EiU5tRKtR",16320
"18QYUx5dC2SYB28QbmhHa4ePLweZvpNxse",14080
"1FQHSZ4W4uKF9z8RjMjGYHpmzy5WFXKJuK",5460
"1F8KeVHN2drGUoWeBJ2GMWNfo4cTZ8iNqa",5500
"1JdfhAFV8XrsCe86TVhdqhebSNAQtw1fSp",5460
"19gb3ih6NLwRKJohJ2mCz7BA4iPAEFkb2X",30572
"1JWUaTJbi2AGzXRmbxAoBkZ3Dqzm2R6pMY",28605
"18MArFAfTqMoe5QfGufCPdnsJNktwiJHoS",4275
"1HSBG8yuXw2RWoQ76xrBRKDvjCSjLJeqrx",15000
"19d8WwgjM69LJeimxKZGqEvKGLM1KZtocT",5460
"15JcTQWtfL4vT66LsnvHpDq6tuwdpCGo4Q",45000
"1AGYrHCu7fYuENFJPyJtaPqKuKPc5f3kXP",45000
"1AJo6B3sDVd8nTx7twhQb6LpEAs7tHfb9X",45000
"15QtSrzRuDLaLdhKeDxSiqrpiaitNd7F8m",520000
"1Ptan7V4BX7oKP7NS7CgdX23wgxUzpfda7",90000
"1FSi4G16iAsXP5YHW3JMGNG2efzQrQZPsp",10000
"1EmwxbsANd85iC39BdsrUmYZfQ8uz1h6Tr",40000
"16FXWKb8LP8ey1HgFMmKTR64FQiY4Lg8Ri",808820125
"1F7nfawVp1RfZ82HPa6qCpxcVehq5sVN6c",14000
"13kVDNoNWh19jTqQ4Ga3KerhpXVdV2Y9XC",8
"18cwQ6G6SEn18vBqAppNWx4BhVWnnNezSK",14
"1LqAiuTSK2KjXtibL8iZA4DEQhGL4MjjX3",11
"1FTx3Jj17w6SPtj1Rub6t5xRqGqkcCvNNj",5
"12ywCktz2St6bmpYEVXFTj9yRANqUPG6Yz",1209
"1Awy4Y9sUiTbGNrvrJKLtQ5hW2WBMfahCf",9
"1FdcBichMwFx6C3zjWqgC96j6FTeFocj9L",903
"19yjxjcfc2DGRtGEzwVkmPkDiBZ4EGC6Wv",8
"1LFVuyHB6p6uixugB7PUxUvr78sxC62nA8",404
"1LZuhVRCoJetB88x814QWqUcSogPcoT6y2",417
"1GvPYNfMNGwaoN1b1SZy6JK4Zm72ZkK6HN",313
"1Q1ub4f2J2ST2obvyA9cgnfgCf8E1vGxDE",14
"1osmXqwhYxtEHkx81E3fkQJBLR6imE3QK",404
"195RK2kUTiNGspe9k9KdVoK4ES3gNuos4G",1200
"1M9fdXKirajPHcPXTAJk7qnSy4hNJhGetY",4
"12AAmF7HZSPVhYdrq7tUFNLUNYRTof2RMm",6
"13kVDNoNWh19jTqQ4Ga3KerhpXVdV2Y9XC",8
"18cwQ6G6SEn18vBqAppNWx4BhVWnnNezSK",14
"1LqAiuTSK2KjXtibL8iZA4DEQhGL4MjjX3",11
"1FTx3Jj17w6SPtj1Rub6t5xRqGqkcCvNNj",5
"1A7LBhDFZPd1RMVz4osoTccxsPGgFTqLQp",4
"12ywCktz2St6bmpYEVXFTj9yRANqUPG6Yz",1209
"1Awy4Y9sUiTbGNrvrJKLtQ5hW2WBMfahCf",9
"1FdcBichMwFx6C3zjWqgC96j6FTeFocj9L",903
"19yjxjcfc2DGRtGEzwVkmPkDiBZ4EGC6Wv",8
"1LFVuyHB6p6uixugB7PUxUvr78sxC62nA8",404
"1LZuhVRCoJetB88x814QWqUcSogPcoT6y2",417
"1GvPYNfMNGwaoN1b1SZy6JK4Zm72ZkK6HN",313
"1Q1ub4f2J2ST2obvyA9cgnfgCf8E1vGxDE",14
"1osmXqwhYxtEHkx81E3fkQJBLR6imE3QK",404
"195RK2kUTiNGspe9k9KdVoK4ES3gNuos4G",1200
"1M9fdXKirajPHcPXTAJk7qnSy4hNJhGetY",4
"12AAmF7HZSPVhYdrq7tUFNLUNYRTof2RMm",6
"1KKhHFjERpq7fPYRDp66FdD6Bk1fRfXkMi",100000000
"1B7VxVzib2Qcv2UpDZoVQC3txFHixsTd3z",10000000
"131QE9LSRdQtP3EM1YwJohFwd9wVkgoHC7",1000000
"162R9zoexGvjPm27i8f6NV43tiZczj2x2u",1000000
"1GgKgNCTe87LET5c5sf6bG3B4iWw6eaXZ4",1000000
"1Q9xhx1iu5UzW8ehSQrsw3zsFH7TAfNND8",1000000
"1GAGhFpDUpNzEZmumyM3aSvtoHeftn65Hj",3954445
"1jwiseSQZnR8wQyNZCmg3t4uDVNoekEpS",1000000
"1P8e4n6AivcYjvhc1xm4jYNbzkR3pbTS8s",5460
"1Cd8cmtzMME6zsFPATwA7KyQDPLj7bk7EH",200000
"1CGdMFTVQRpE4KJ7vu3G1p3ErJqkNkUwWg",60000
"17p8MEk7t7xx5hCPQVXXo2X1jo1FPAb5UY",5460
"1AJet3PFu3JUVgPAbsBa1XwFScca3yRH6s",5460
"144nhpdFqsK8Em7amVnfe7gWEkoGEXQJoC",5460
"1J3piMB3XdHJNqcfNJ5EyMoXFzJmTfr9hV",5460
"1F3XyJPp6DAd965LWq8q1GCsSosZyugsL7",45000
"15eK3PGV8erDoY8rVqA4ufCYMGCkVVjhi9",135000
"1MEpeemgj9gVQespqnAcuFH4ETfLqcbqsb",15000
"14gxCuqYs3BLkPFxQ1JCFgskurXYSDxxM6",7900
"1AB3EEDghnGZeQFEfRpPVZrgjGX8baqk47",100000000
"19PQhpZ9TrCzq6JozPq3Gwp5uLo7c7MVyF",1004219
"19gqqEkS19ttqmEQjfYqnUMcVZjWvAr2qd",54180000
"1ch6TbFEhjRwG84FK7soxbRXw1EoFGVba",990000
"1Fv2yodwom9SYBGWLDwyCPgWdwmL2GCHPJ",1404192
"164kPgBQANGkhGeFA9tjXCEQN9Dv5UJ46P",4221951
"1LRXG97YqG2eX5F8pfsfCcZdDaZWxpRS3z",4221951
"174jyQaHxN1xf2RwV3vNoSe5zhgp7nQ8yn",21109755
"174jyQaHxN1xf2RwV3vNoSe5zhgp7nQ8yn",21109755
"14ssZ2SbTBPFxDpsTY9U8xvfSjZjtvrpDz",4221951
"1KA77khqMHjdkxeqNDEBfrb5zH8f1UJ2hP",900000
"1KA77khqMHjdkxeqNDEBfrb5zH8f1UJ2hP",1010000
"1PH4dMyUCPDebz7asfJmXEfS2TVHeJAtMJ",50000000
"1GNQuYH7uowHRTJLMwKaYaxv82fLeqRP5w",1327296
"16pcddk8c6MFKyQvL2NvuWEguGw1R8B3VL",100109452
"124nPFLjt2tCJrApoaurbdrBfQb9mP2Kr1",1578359
"1Jy5jY73SegGS8JzG8UjU3msdsrTZpv7DB",2808384
"16Ui3fUPx6njQ1bv8fzmLtSMdT29vq9BYz",14041920
"12kYok12zqB8DpDWAQnnTpS32ptqUnYneF",2808384
"18fE2Rf4mZFBt9V8e6JpjctMCWe1zqtAep",140419200
"1EFFWcg7MJEsTQtLcwW53ziba4B7h6wHdo",1074703
"129YPuQAKdtSzsdvrMjeKTdcRKWNiPymFz",1110863
"1AeMwcjddCpuiy38GrbVxbgF2fdBbbyH9i",10015177
"18BD6GRr5vR7jd1UL1V9anGgEUnc9juogS",1038610
"1Aw4yzitnD8WT6t4QnkSCSU2xqWg5vH9rB",1001615
"1EmmxMAJWA4DtwkQJYFbbMGHwkfs5v7EPQ",160000
"1PSqSc7i6et2nHR7zddkGrQqC4kHRTpepe",40000
"1pCyhKp8bp12eQ9XvrQZjX41VktiGnWrm",10000000
"18UT9zEajyrd9E86wjqRDz9UpHcSUp5hdH",90000
"19LtbaNGSy3KSFd6Y934qyu6jgSE4N6R4r",150000
"1BpAVzSgLufVcK3eiBV8niPEx6YF59yb25",990000
"1JM29Loewq6VKJ5yz3Up1DUH7dsHeSjHy2",6040
"1CDDz2YUQpvzrNpStxWTE83Ad3jvfHcxRy",11620
"15t2GxANb1WniYupz5C7o1ccf33vDBxgG5",200000
"1AV2rwG3ZVycuBWuVQA8TZDxSwvKoUEpud",50007607445
"18VppdfJ5gxTDZqfTDwv3PHxszAB9m1gwd",1128090600
"15Tc7TG5B9jMn5SrsrYCtVhffq5ZiWJR8m",4221951
"1K2U2mukFwb6pCrWTffDtRTBJbi7fvJLx6",63329265
"12bu573SwB3ZzfyjTCghmQy9uEqNVS4X5a",4221951
"1LHxyjiun8jxFciet2EJiw6a2JDxkZzTeq",21109755
"12GPJGUK2g852qaXooMosQtbW1qsmsrSnn",4221951
"1CcSv6DnT2wNo2tTa5kp8wsqRkx1iKWiNG",4221951
"1F8Tc2XGF3iKj8Lpo1ZwHPRs4n4btYPfrn",4221951
"1HwwE5YkL1GGY7sB2xiSuw27M275daZw1Z",8500
"1JiSrcqQeHmXHkxWUizjKYqiw2YaXSwvfc",4010948385
"1JqdadgxgxrnbEnfvohxtaSNbHt52kVLtC",49924084
"1BirioubEBvS4mAQtDR7zxqD6CEE43oBTA",202760
"13kVDNoNWh19jTqQ4Ga3KerhpXVdV2Y9XC",8
"18cwQ6G6SEn18vBqAppNWx4BhVWnnNezSK",14
"1LqAiuTSK2KjXtibL8iZA4DEQhGL4MjjX3",11
"1FTx3Jj17w6SPtj1Rub6t5xRqGqkcCvNNj",5
"12ywCktz2St6bmpYEVXFTj9yRANqUPG6Yz",1209
"1Awy4Y9sUiTbGNrvrJKLtQ5hW2WBMfahCf",9
"1FdcBichMwFx6C3zjWqgC96j6FTeFocj9L",903
"19yjxjcfc2DGRtGEzwVkmPkDiBZ4EGC6Wv",8
"1LFVuyHB6p6uixugB7PUxUvr78sxC62nA8",404
"1LZuhVRCoJetB88x814QWqUcSogPcoT6y2",417
"1GvPYNfMNGwaoN1b1SZy6JK4Zm72ZkK6HN",313
"1Q1ub4f2J2ST2obvyA9cgnfgCf8E1vGxDE",14
"1osmXqwhYxtEHkx81E3fkQJBLR6imE3QK",404
"195RK2kUTiNGspe9k9KdVoK4ES3gNuos4G",1200
"1M9fdXKirajPHcPXTAJk7qnSy4hNJhGetY",4
"12AAmF7HZSPVhYdrq7tUFNLUNYRTof2RMm",6
"1MkkLLLDhX6S2Au8NnFxKcbVCCt4q5wP1Q",5000000000
"1EnivUh2Mb2SYuYX2cAPLGPJ5d62Coke2n",53982762
"1HUREdWZK3q1idQVQTLhv3asWK2nt7BqwA",4221951
"1EjHcEgfuj8HyNWEnwd2mNeBtan5kTEB1S",4221951
"1LpncBHQKVJZ8FrznsFwG4FZW4cQSepyZx",4221951
"1HMdPoev4CanPMexJqBcjFdNj8DUpA1Mma",4221951
"1Hw3zG74t6qLJyjtg7mRqrVaYEmDoZzBRL",4221951
"1AHy5pzaCanVAijdCzW54d6fKuraiyywS1",4221951
"1KBgAjWvjHRVYQkFi4EfRpHfwVUgE94xGy",21109755
"18W2H3EaETHzDHmJ1bFySwXtqJaY4iJM45",4221951
"1N2vpJ8LWoFZKdRtpbiM4kaxBj2YMEa8Gq",28083840
"1steph85K1FLk83itD2mqeKfHVggZ6vut",2808384
"16S1TPMCx2A3ThMHJWR5CiEBdNFkzNeNSe",50000
"1EAaLKwFPQgAEV1whuudP71BWdHHysS5Hz",1054856
"1PGEV6raaUEMhzA9pErRi5vrSX6nUBbWJQ",50000000
"1MN8EvPTKPxoNS3d6J5hvoRXjxi3m5WjA7",5000000000
"1FWwfQrFaex1NSjJJbFrr8vgmcYVk8yN79",9722721
"16GyvfAreZVBCzJ2NomREFnj4g33xkvYh6",2808384
"17x1zudhQ4vNs6n7PzZdzZ5JVUK1M8fPMo",2808384
"127v4L4KRYmcqCi937wfExmYc3RwGBLLg3",1404192
"1QHu5vApDpCHwBfBqV2oUCyM53ssEaBnFU",2000
"15HR7YuFkVthHR4NxeFQ8PjgyiP9NqBY1R",1000000
"1LotkhNNcAx3VJrx4p7tb5Rh63orSbbLXq",270000
"1HpTFCgsaFv9Z5k2uB9Bob9FBgQB9HUAQP",2
"1HLkRkqohNVwFR2oeDwJup6M7wNQdEz9aH",6000000
"12HxiHHyFy8zf4Nyv7oRUAVfFcebqYrLH2",1335653
"12j7HszX2f2XUzPxVH9f3QVidsQyvrZgbA",990000
"1UkH4rYSXx6gVyy33K8ZazG3f2WLPD5Db",67320000
"1PfPDhYvhvtPaW43AX8XSR6jTM9MxBiwE6",1001233
"1G838zyZtMkW1V2PXWAobKVJff2p65WjCD",14650
"1Bc5W98AMFaxbbdLxCgz3HW8fRh7NZfxjL",10640
"13qPC8W5DBw36gePmRakUdDki9PBV3P8bY",10470
"13QAgctE6m9v4b2f51RanuNSJMXXwtTazv",11980
"1L6C1pbL75jTtbA71q9NSuD8L4yoP8MpLG",11520
"1Ldv7yKNVe3uRwY2NQcmCbwF9htEdbwLJW",12920
"1QAcJSPQ6tqfDv3RHmKw8CESdTSCWfbVb7",10080
"18K5rQ8SsCSM8gL9MQBaYbPiUYgoApWfuv",14000
"15eZwFDN59ze5FM1Ah4DQKpP2ATCMsCpdQ",15600
"1BuXeKyzpSBHhjJJ4fvyQF6aZ7kXDgbM2g",12720
"1AgothgjeZ6knsb1Qvxc2bvY1JayxZFDJL",16320
"144GszzBPRHQGKQ6i7YeLHWMFLgPH6cYiT",14400
"1HwYvgPHTUuhoxRsEKyzb8KsvZDRjdhmjC",18080
"1E1SBuUP3UQvH6BMxPtU9JzbsF6zo29TTw",11680
"14jLUSsSqkpRhKJykmA2mWHuxpvkW3kzTT",10720
"12yokaxAPmRFqBxv6XkpZ4TksYX6LhQVKd",17760
"1DdV7LGrGTttki9crZsyEweU4Uviz547Dj",12800
"1PM3YGCFrw2sRUqyTYNG4WeMRMX9tAcK8z",14660
"1LRriD5sgb2cYpRgRicydi6tqY6BG17kZQ",18080
"1A4mBPjNmkXFQ3gCERuCNAuKLyWKNhgs8N",13600
"12gHMxVorUnYRpz2LjT5is76ApXVXKBtov",11680
"1LvAt6xS9vgnrw5JyeZojFFuUA5npNdVoG",370000
"14er8vbhp7oFnhGVt76rCLS3TXFcFqpDz2",8150
"1EuDrMCS1iwMRycoU3TLdihjfeUoCNJ84Y",6400
"1KQ52TRUKWVmMopMYMEEUqNnAWsVuVXpyK",15100
"1FME8mMKkice196ECXYtJc4K4ugst73X4r",11700
"1DFLyJNoVUfGAnksfHkAa3w7Pe59Eo5piB",1088466
"17n5Dg3rc4Wrk765h7jkeBhQqYmpyXSxLM",22432620
"1BBzka3nZsPiKn1YseBrSZ8bxroHdSRL6X",20000
"179XfXmMn8P9PCb9rBzHffNsqNHuy48h3x",5774
"1C4taYUyDyopdUqATuDEG8T1QfbLRdBPGx",40000
"16pBf6Fxm5ed5Ws2ESm7NusEevseRrJ2Rc",1240000
"1AXaUyFsijUuUJXfMkcZRdHTRUe3qH4woG",19990000
"1KStsicRJrs92CNkXsgKJsbrdLb8JMvpPf",17000000
"13kVDNoNWh19jTqQ4Ga3KerhpXVdV2Y9XC",8
"18cwQ6G6SEn18vBqAppNWx4BhVWnnNezSK",14
"1LqAiuTSK2KjXtibL8iZA4DEQhGL4MjjX3",11
"1FTx3Jj17w6SPtj1Rub6t5xRqGqkcCvNNj",5
"1A7LBhDFZPd1RMVz4osoTccxsPGgFTqLQp",4
"12ywCktz2St6bmpYEVXFTj9yRANqUPG6Yz",1209
"1Awy4Y9sUiTbGNrvrJKLtQ5hW2WBMfahCf",9
"1FdcBichMwFx6C3zjWqgC96j6FTeFocj9L",903
"19yjxjcfc2DGRtGEzwVkmPkDiBZ4EGC6Wv",8
"1LFVuyHB6p6uixugB7PUxUvr78sxC62nA8",404
"1LZuhVRCoJetB88x814QWqUcSogPcoT6y2",417
"1GvPYNfMNGwaoN1b1SZy6JK4Zm72ZkK6HN",313
"1Q1ub4f2J2ST2obvyA9cgnfgCf8E1vGxDE",14
"1osmXqwhYxtEHkx81E3fkQJBLR6imE3QK",404
"195RK2kUTiNGspe9k9KdVoK4ES3gNuos4G",1200
"1M9fdXKirajPHcPXTAJk7qnSy4hNJhGetY",4
"12AAmF7HZSPVhYdrq7tUFNLUNYRTof2RMm",6
"13kVDNoNWh19jTqQ4Ga3KerhpXVdV2Y9XC",8
"18cwQ6G6SEn18vBqAppNWx4BhVWnnNezSK",14
"1LqAiuTSK2KjXtibL8iZA4DEQhGL4MjjX3",11
"1FTx3Jj17w6SPtj1Rub6t5xRqGqkcCvNNj",5
"1A7LBhDFZPd1RMVz4osoTccxsPGgFTqLQp",4
"12ywCktz2St6bmpYEVXFTj9yRANqUPG6Yz",1209
"1Awy4Y9sUiTbGNrvrJKLtQ5hW2WBMfahCf",9
"1FdcBichMwFx6C3zjWqgC96j6FTeFocj9L",903
"19yjxjcfc2DGRtGEzwVkmPkDiBZ4EGC6Wv",8
"1LFVuyHB6p6uixugB7PUxUvr78sxC62nA8",404
"1LZuhVRCoJetB88x814QWqUcSogPcoT6y2",417
"1GvPYNfMNGwaoN1b1SZy6JK4Zm72ZkK6HN",313
"1Q1ub4f2J2ST2obvyA9cgnfgCf8E1vGxDE",14
"1osmXqwhYxtEHkx81E3fkQJBLR6imE3QK",404
"195RK2kUTiNGspe9k9KdVoK4ES3gNuos4G",1200
"1M9fdXKirajPHcPXTAJk7qnSy4hNJhGetY",4
"12AAmF7HZSPVhYdrq7tUFNLUNYRTof2RMm",6
"13kVDNoNWh19jTqQ4Ga3KerhpXVdV2Y9XC",8
"18cwQ6G6SEn18vBqAppNWx4BhVWnnNezSK",14
"1LqAiuTSK2KjXtibL8iZA4DEQhGL4MjjX3",11
"1FTx3Jj17w6SPtj1Rub6t5xRqGqkcCvNNj",5
"12ywCktz2St6bmpYEVXFTj9yRANqUPG6Yz",1209
"1Awy4Y9sUiTbGNrvrJKLtQ5hW2WBMfahCf",9
"1FdcBichMwFx6C3zjWqgC96j6FTeFocj9L",903
"19yjxjcfc2DGRtGEzwVkmPkDiBZ4EGC6Wv",8
"1LFVuyHB6p6uixugB7PUxUvr78sxC62nA8",404
"1LZuhVRCoJetB88x814QWqUcSogPcoT6y2",417
"1GvPYNfMNGwaoN1b1SZy6JK4Zm72ZkK6HN",313
"1Q1ub4f2J2ST2obvyA9cgnfgCf8E1vGxDE",14
"1osmXqwhYxtEHkx81E3fkQJBLR6imE3QK",404
"195RK2kUTiNGspe9k9KdVoK4ES3gNuos4G",1200
"1M9fdXKirajPHcPXTAJk7qnSy4hNJhGetY",4
"12AAmF7HZSPVhYdrq7tUFNLUNYRTof2RMm",6
"19EdntgVqH7Uv4KcRuaZFoVMGbop8neYaD",3218
"1LNYb6QfM5o84wg6GWmaReRbFNJyKqojxD",15237
"1J4y6mweYUX98MgLVumMtQfGucteiNfeC",2
"1B3iAn2piC3ojapVtuMPfGt4VfK24JcnqJ",1
"1HvSfVpfVmfQauzCw5EADKnmAEELZKVdCP",650000
"1KSLjSH9tbrnrdMiCDns2dzyG4ZucWjxRi",450000
"1KwQs3mHtfYSmVW6yHawf2Zxa29uEQ1fx",5460
"1MhM9Qq9DndDr4sgXNpa6L5HhyfzyBQrL1",7547705
"12yWKq8g9C8RaZSLFsAcBDdePHPjujWszX",92437000
"1EmJzLe5insDdwmL9BECF28nBcVhJMu7TT",421000
"16fDTyAmMN5iTLApcghGAZ1chPcmkBk1gS",25000
"1MisAPs7s28i5Nqyhe9SUDRMzRQTNxAeG9",14041920
"1DkUBzSSYf8gTfb2zfYKuYDBRhMauLXNWW",14041920
"1LpatZhiJf66jGYy5xKKnW49Ztw8xaYMQ4",3486285
"19R3YmjR1hUkpmVY3n9Xg3cyW6V7NnW4jP",34686
"1DGfQvg4b3FuApPjnZZTTFJVfwvfohFhzA",781800
"14JukyxN1LdZkvnLMm3r6ckTKvaD5tHh3z",1016633
"1F52dKZy9PMfr3qzyd7ti2Rp3PDctFsGWC",40000
"12yEp1StUzvYSG2tGgRR9SeyrC5fqicpq7",990000
"19BLKKyRcjx4k8N8FXwJx1ZTkUafP7KThL",97612000
"17XPawJ4zZTyPsJ4KBmM1KgEa2hk3iLcte",9895647
"17XPawJ4zZTyPsJ4KBmM1KgEa2hk3iLcte",10194353
"17XPawJ4zZTyPsJ4KBmM1KgEa2hk3iLcte",10026148
"17XPawJ4zZTyPsJ4KBmM1KgEa2hk3iLcte",10194353
"1FdKqZExWeBbGuso4VjcwXBEPxckPSnrn9",40000
"15x4SrQ2S3M1YSAnhv6gm6ukZ4FXNizuAA",146000
"1C4zHbNpvsewNwku4E1bdp8DdiiECGSXN9",90000
"1LPELFAetfaboWrStSyHvkZuNYY2x1KLKs",8321
"1LmZLG6yUMSeHuwVXfKdZ1bQBTdWoQQBYj",14651
"1LUexfvEJAu2x6UEPtkKcQmDpKUL7FYuCQ",1000000
"14jpWxKTuUGAqovMpXoY7TvdDHeStsvjL5",1000000
"13NCm4ztW5yvJqUqLogeBCqQ6sEYJqZThQ",1000000
"1GgKgNCTe87LET5c5sf6bG3B4iWw6eaXZ4",1000000
"1LYtMpauMJwfeENcv7Uddzg1EkMdXcwCz2",60009999
"1KQ52TRUKWVmMopMYMEEUqNnAWsVuVXpyK",48500
"1PgBJ8AAJA3E2QPCN6a9Q5NkPFxtbrxytp",419200
"1DKRSE7BHM98FsaC453BasERbXDxveowhy",114540
"1ETdjqM3qVzwAXWgpVFjJqXYuTkhStSw6u",19000
"1Cab7ez11aFEfhfZ6TTHvAYDEeAcgYRNQN",140419200
"1EddFLeN9a9E9kn8zZB6UKv7kPiNd7WaSz",14041920
"1zwk1X9mccXjDazixJHFK79qGEa9YFv4b",56167680
"1JAcQSV4kzh24BrShQTvGDN1sBgocLW94h",40110000
"12Sz1yjHkbM4QXFbd32staHs3czgYTF64e",13200
"1EpNcpNDeXPAX7aj2jVUEHZn9XgCVeFB2p",11200
"1PKi9Rao6Dqs7a763nGPdo4123L9QYKudw",15120
"1HeCfANnwKrZk5NknTYWDB16gAi59Tt6p4",14160
"12Ju6v5ohYr6txPeupRboFqyEhRMBs77WZ",15440
"19jsGeUPyp5hC7dtTS1PQiwLjpeWaURoAd",18240
"1Fa9qkhQJLpNDaxUrL9WadeBbTYbXYwzc1",18560
"16WUDEoXvYbxA2m2GCBMHSq3tqToXw2Zpt",13680
"1KbKoyHtwSZfPaEwwYsbeVPxmNyY6smJNF",15440
"1EAgr1aKFUaCLUnr5RhCMvTvjheByu72iL",17840
"1MGFSX2ZMPetZBDWNNW1yXjY2N8mKRYfFf",10410
"1PqhH2QpSb5qQKoZ7nT2MgunKrE9MwEWt3",10640
"17r1ZgmZMBxRXN9niEdack2yXdEPDkjXp6",10560
"1MMGPZ8G2LW1KSVB4tNvqmWqXsYr7PukG3",10560
"1CdpuYcv7XqQLDME65UgKTQCoecvpw9n8V",11680
"14WG2fYAcpYB1LMcZjvmjFAarz2VCwRdUW",10640
"18KVdWUZ1YKRTZCah1rtaGsHVPhp8uiPqY",11760
"1HZVULbLMvfceMyVxQQ817iehr1a2xHHD4",12320
"1GwSHFEqsACLxv7p34wdVRmC9NzkDcdpcU",13840
"1KQ52TRUKWVmMopMYMEEUqNnAWsVuVXpyK",10880
"12bdjZ9ySZsL6uYoqTN4wWgVTGdiAPhqEZ",10480
"1PCsNa8fkQLFJ6PqGPWvjsN6e6hMfTmujw",13680
"1HeNu88c9RSf8us1nX6LcxHWk4LwBqre35",14480
"182qVpt7SAFi1Gt1iMpPDgiric3D55uo7",14250
"1GqXJxr2kL6mYNHiMpJASshgLx28xEckYK",10500
"1A1Krzymoi1M9jubQPy9etphQoEWotkQPN",10000
"15uTnwSEeo46wLJ3XGcB4NUepf9R62icaK",5550
"148fCM9dZvZwcHD4omctSsjt1XaJqa7vZK",16250
"13jseVY5NfkktrANkGb9C4d8sANUEhzQDY",5555
"1PEYMEiT3mMaRMgZn5in1EnpJM2ZggQ4Lp",7750
"16hCh7EhSGaDWj88ywD4Yhbh8EKE1dwqFH",20500
"1LoRUf8zBDN8iDykYjRsopYSDyxeK5V9BW",6250
"1ALPGAiDCciyj2d9kHreoHGPnLGGaB489T",12590
"1CEc4AH2i8uvWkHxeFgo1R6f4p1NcArnYY",42840
"1MQf8R5gUNYSubbDfxKygn3CsssHBiCGXK",11765
"18DK5Vq6hcLNpE5k5hJQsuqoyCYA3Vgf7o",24055
"1M1Ezsj7cEpawS9kBKcWjAeXfZ6PDcAcVw",33250
"1Donate23Ne6m3sTkzZwz1xsxrv9dWFEsq",5750
"172EDJ61nBZ8Nt1kR1PK66HJcG1RwW2aDC",15530
"1En1hCztPLRfezsgKjTHK8yqWEzYzyJgcA",24750
"1GKjSaaW5L3eV7najJ2gcHE6qx4aoiyJqi",9500
"1EVKpjpjUPHBMjN2HJQKMmyXFvZr1ij51C",14250
"14uYdTTtNtwwjo3EHX3PvNr6eeH5vXHRjW",7250
"1CSTmfdvdfNiHfQNSAPi7QGqNjyECXZ1V7",7105
"1NJ9jv9m4ftsDUEuxgjnfZjM32XMVhpkkC",8000
"1EX2LLJHQJmbpB7deLazHDRths5s4BHMRs",35500
"1NkTepXCLJwFEtv4JGtthC8V62uyUSFeoZ",6255
"19w3xBr2oNPi9RjkAcn81MjNGd8d4Ajw46",7750
"1Gw9LV3iLtPzKfuuHAxXFNugTiqQTJs7qf",9500
"1fVZ7NeGABCSiomMTJAKLsVw8uxuWE6MG",22870
"1Q8HU9WVKUGR1zeYiN7disbaj1gjZReSUn",6000
"1FaXWqfu8kq4uU6U3GYievnrG69hZry171",22005
"12qCWQB54HxGSr8g5BsUXVyfhWwdDx4Fqt",13750
"1JMfRWbWKA8dehBnxH3JLbF3UQB9mGjoLS",9000
"1FFu4TpyxE7bi9LoLCrG6SqNSA1zvhmQaa",15750
"15i3euq2vVPbAmzbYaUrhVS1kRkHRdKb9x",17000
"16iH5vX96wHsGTvLNTYikMKm3nD2WRjoU4",25000
"1CBJwFAefA1X9RuZKbSteC9xwZBuRv3X1p",16200
"1LFHat2C7RwmixYbPXpXFc4NoreSzKL8Sc",14195
"1FsitF2e5eVLFdQkURmD4H1cSQn1fAk8SY",5500
"12oCCGNmQTAVgaYMwxGTgkvz4BqbFS2CBp",19000
"1F9hyyZygMMrujSdrrM4znAp9CBqxMq2Uy",28500
"1MUJvdou7Nmm8nVX1GTVoxYkGqikpX4cYu",9000
"1QDT5pXkKJfBn8VPy7DVpUirnxURtFghqa",5500
"1KnPf9abjEJyH9cq1W2Hh26r9H966s5RzB",6750
"1JBhJvhCPkQs7pgwB6EpD3Hf6t7CxU8jBQ",6250
"1BU4m7gkvKvFhKDRmATeTSNXNBMS2QV9cK",6000
"1DRtDyF5hXqUw2jVYUqpDNd9HsK1GUcgr",26750
"1PQrU9F7o1MuE58S3mrTSaRpTL6njjvzED",6499
"1FNPu2VveKmAKMQREvrCjNVwEUoFAs4XBX",32620
"13zJXbjTUgEYPzcVZTifZRyHAYyWzKidHL",9500
"1JvRzGngKoiLDoeJEAk8BiivURm4DgyZaJ",8750
"16vcNhWRQYR89CsTEtQ1yR1X3T2ep8mZaf",7750
"1NU7JfVSL2n4hnBJ7ZK69Bp6263hV3x6qM",9250
"17r1ZgmZMBxRXN9niEdack2yXdEPDkjXp6",12500
"1KYEgQweLyU3ByWcgSSwoVKBqM3aYYknGW",7499
"1HTSQZrGA4nTTEfkNwuGtf4cn7LS8R1ngo",42000
"1KDUqqLE938xW6BUP9fBoXWK45vPCVNimr",9860
"1FkTNYahjtgVU6Q2pQzmUBDh7uzHPNtCdr",9255
"1D34VhciXJZzScKQzJp7MoDs3Y1Zc6eTMx",13500
"146EStjK8DosSFJJ17K63sa5o5cBgicf9C",8500
"13LijGvToGqgQEVzAnt4wgTGKtpG2uKuEu",15500
"1C2PJxFpVV8LFV3rsh9ohTYZCRScMnnuWs",38750
"152J5dCHFkaEDKfCGT1LkcvJJ9iuPAKUiG",9050
"1M9fdXKirajPHcPXTAJk7qnSy4hNJhGetY",14500
"1NAj5WX92F6tF9HYkPS2FRrb9LvuSDPyER",20000
"1DZtb85D7oPp7FFn8RihHzRkLZZb24UW1Z",19000
"18yCUeHbiLfy7Vz3DUjTPE35mrhHwWmB3J",50500
"1D56TuM4D25H51vHir77mTdHL7miey3FZK",9500
"169EE9ifi8b9FXqimwEYkKDs88CiNxPhkM",23000
"1BxV9qxEJqjoKf5FDWyfhyniSCDt3ck5gr",17500
"1FPy1AoitzH44EvGvgUG8eMqgHSr42Nnze",11920
"1HjAGyHGQrR3SUVD1XzAdBVWRqfXjK5ec8",8000
"13rirv9sSedmKq5sCKkbDwVmYCepGYBumP",5500
"18cwQ6G6SEn18vBqAppNWx4BhVWnnNezSK",9570
"1Au5tRoTNYfCimRJ84uqorqbTbrMgzH7ZM",19075
"1L6C1pbL75jTtbA71q9NSuD8L4yoP8MpLG",12000
"1H6QFzCqxvTgpcEGtygQivy2qmPEN8obqm",10000
"18pA6vSBBZQkxBkdF7XNTjEpNezZvrkqr7",5500
"1EmjauJxAGewjmb6usD82x5rQMsMdck7RE",13999
"1PM3YGCFrw2sRUqyTYNG4WeMRMX9tAcK8z",5705
"13d2PWJuwDdRxYUFaZ13qRubFgx1B6vBUN",9770
"1BhrpprVrE8bSTcw8mq1AMffbxTgmAdCJ5",9500
"1JWUaTJbi2AGzXRmbxAoBkZ3Dqzm2R6pMY",28635
"13QJwU2C1FT8fNhMuiZQN75g1xwCno143R",9625
"181nyYgpBhkNktT1yDJXcAiBNPAehwZpnB",11780
"1KFkZQxY5JJ1JbSF4tCRkb1P25bvmBXJxT",6350
"1J1X34jw3bvmHfYv7uDPn1ydAdfXxhCguS",15750
"12iPmHGcs1t7Wq2fLc6DUxRkZ9RAbGEgr1",7750
"1DzHdf4EimW2QBXq3GEi2HQM9q198QxBn8",10310
"19jsGeUPyp5hC7dtTS1PQiwLjpeWaURoAd",7250
"1N7DjZmMdwMeV9xR9bVAwbhBaXyufwyePq",9250
"14mECbJWvXkHhzL2zAs24E9JdTtWQLUpya",6499
"1Awy4Y9sUiTbGNrvrJKLtQ5hW2WBMfahCf",12000
"12qWfodNMiNu4ESQneLVafGBZMciD4Lxjr",9500
"1Pbi5Fq3McK3hPM1ZX56EbYuVYnuBJSD7u",6499
"13ZVApPk7z8xzPn738hEHhrvLwXyawRGQK",5500
"17D56Ee8m1CTVufeXxfyDyiheHAZJvLPPL",5500
"13j32QnrLyNeH7FnvxERqrHpMGvVquUUua",6400
"1KLZG1KAhSmXx2W2k675WsXCnjXc9tGAwN",23850
"1Hot4be3ZZnkUjsr6E4fYW8a1SMmVkBd9m",7750
"1FXfUQHw2hay4BNKTWNZqTRDFpL87Gso8U",5630
"1MzE1Qgnog4XJ4hq4f3iEkiCd8Qob8h6L5",19000
"1GcR6ibKcDv4ikPePweiJW8CKk4WAaZK6W",11750
"138nG2GySe8uE9QtrR5XVJBFmR1eTP4L6v",9615
"1FnK8NLH6XHmJsCSL811oaGNg4YAvPxpVb",9045
"1MSJ4ByGhS6HFT9Dqm9F8VtExvKHV273ES",14250
"1GwBMxM2WQqQfhFRgw78doAw7NYVrTh8kA",9250
"16FDThLjVGiYG58SpdfH4AD7qjEeTacpGG",9710
"12j8mwsWoCbopf2kDkrXGEqETGuoYTJeN8",9500
"1iVGhf6XDw2JRTHnBi9JTzNb5k66gUkrp",22250
"1NVv68deo1hNGCRwYzZqWL2H9n4Yc6L3Dh",9500
"14WhdH6MWNutZnLhMJwvAQPo4p8MERNRS2",8820
"1AgothgjeZ6knsb1Qvxc2bvY1JayxZFDJL",10500
"19ArPrqCshWWiSoW8MwXsgGE1xAVtEANZ6",9250
"1BeThZyxQhCqvWVADAFhdfpnuy41AcbxXE",6000
"1NFRRZZWSmfvcA2fo5bzHGgUvdoY7rKDqk",12000
"16UeeuN3Mwh7w2mzU3JcCsdy5HJnNfPFRJ",14500
"1FVyNxuJsEnZrD4ABeCpu4BgE6DdZjEhZ6",9500
"1AmkJTm42yBWm5vMMfisUJXfV12qyw3qit",11745
"15H9sozQwCx4AajhrZHiD44xuUEy1CrdSb",9500
"17tz3D9sGWwTRv1H8P4ydbSQZHuP2oN5EF",50250
"1Mq7dwSSi7nGVLaQc59SaGi7mdKtkn77tk",9250
"1JJ1GrAqToDuLER2hTJK6EqhBPiEm9GPpt",13999
"1C6cE9npwhPP58rQZWWWcS474rabYx2cnM",24250
"19uFoazPiMVddgfswDsEL4y2WmimhdvvJ",14250
"13hafbbYbA9cyehwwBweDANnntJa3TejaB",15750
"17aQLd4P1z2dv8NAUjAxmC3x8nhhtS6jPH",8000
"18taRhFLYe86srt5shy1TPNRtEPogurtVf",30185
"1DSoBAGHRVXFnYVY94TdgcD6bBLTVSXbDW",6499
"1DNqVsqzDpKHVtjrGZNKBMkn6dJWVmPj93",5555
"1Jj4XrRwvwVa6AhnepBkfSFMgeTFsLe8ip",9500
"1P5WoH2FaEjoA6Umpu52J3YT7xRYticb15",15500
"1FxMWEaHhiGFzJAz29pAJK87GHnsmXUdBz",28500
"12Sz1yjHkbM4QXFbd32staHs3czgYTF64e",3400
"19Q8yiupJ9fUR5Kv7Y1WueNfPmssngZfYY",173932
"1LYtMpauMJwfeENcv7Uddzg1EkMdXcwCz2",949990001
"16SPNHiQatVdTv8ZTh266VNH8QSqEWDRKV",1000000
"16SPNHiQatVdTv8ZTh266VNH8QSqEWDRKV",1000000
"16SPNHiQatVdTv8ZTh266VNH8QSqEWDRKV",1000000
"1i7Nnvpbzvkobs5YCrgmGxUjrrWtyPAg7",90000
"13kVDNoNWh19jTqQ4Ga3KerhpXVdV2Y9XC",8
"18cwQ6G6SEn18vBqAppNWx4BhVWnnNezSK",14
"1LqAiuTSK2KjXtibL8iZA4DEQhGL4MjjX3",11
"1FTx3Jj17w6SPtj1Rub6t5xRqGqkcCvNNj",5
"12ywCktz2St6bmpYEVXFTj9yRANqUPG6Yz",1209
"1Awy4Y9sUiTbGNrvrJKLtQ5hW2WBMfahCf",9
"1FdcBichMwFx6C3zjWqgC96j6FTeFocj9L",903
"19yjxjcfc2DGRtGEzwVkmPkDiBZ4EGC6Wv",8
"1LFVuyHB6p6uixugB7PUxUvr78sxC62nA8",404
"1LZuhVRCoJetB88x814QWqUcSogPcoT6y2",417
"1GvPYNfMNGwaoN1b1SZy6JK4Zm72ZkK6HN",313
"1Q1ub4f2J2ST2obvyA9cgnfgCf8E1vGxDE",14
"1osmXqwhYxtEHkx81E3fkQJBLR6imE3QK",404
"195RK2kUTiNGspe9k9KdVoK4ES3gNuos4G",1200
"1M9fdXKirajPHcPXTAJk7qnSy4hNJhGetY",4
"12AAmF7HZSPVhYdrq7tUFNLUNYRTof2RMm",6
"13kVDNoNWh19jTqQ4Ga3KerhpXVdV2Y9XC",8
"18cwQ6G6SEn18vBqAppNWx4BhVWnnNezSK",14
"1LqAiuTSK2KjXtibL8iZA4DEQhGL4MjjX3",11
"1FTx3Jj17w6SPtj1Rub6t5xRqGqkcCvNNj",5
"12ywCktz2St6bmpYEVXFTj9yRANqUPG6Yz",1209
"1Awy4Y9sUiTbGNrvrJKLtQ5hW2WBMfahCf",9
"1FdcBichMwFx6C3zjWqgC96j6FTeFocj9L",903
"19yjxjcfc2DGRtGEzwVkmPkDiBZ4EGC6Wv",8
"1LFVuyHB6p6uixugB7PUxUvr78sxC62nA8",404
"1LZuhVRCoJetB88x814QWqUcSogPcoT6y2",417
"1GvPYNfMNGwaoN1b1SZy6JK4Zm72ZkK6HN",313
"1Q1ub4f2J2ST2obvyA9cgnfgCf8E1vGxDE",14
"1osmXqwhYxtEHkx81E3fkQJBLR6imE3QK",404
"195RK2kUTiNGspe9k9KdVoK4ES3gNuos4G",1200
"1M9fdXKirajPHcPXTAJk7qnSy4hNJhGetY",4
"12AAmF7HZSPVhYdrq7tUFNLUNYRTof2RMm",6
"19MN9uj6HWNKYdeKhTkA4BbAyMCpgZPN9",30000
"15zXd9ynALBSkaXUPfd3FKFDXNsSJ1UVfK",2200000
"1JPRfTtw3Zto7RcS6mGzBgiVSCsqN4hqbd",130446849
"1FV4QQvv2w88c2qgVbuNBwnhSEVXE46Wg8",46932
"1F2jwn5DDBxTmZ92ofup8XnCEQFmHnm1Xe",14188
"1EW2ieDqFR8wcr7oW3hcVMqjNnYVa9mLHc",12000000
"199obxQuiAJXsgeYE8ARqGsKvwRdheMqQp",15500
"1HeCfANnwKrZk5NknTYWDB16gAi59Tt6p4",8500
"12Wbyb5j9AeQyuXJWP7LPGb6P2qQsJ52Jr",7500
"1533FSiXtL1R36ZqsoEMUba3beHDeAt4tZ",13000
"1CGXMzjgmzkPJrvMCJnRPuuj9gdiCRZay",7500
"1CEc4AH2i8uvWkHxeFgo1R6f4p1NcArnYY",82500
"1HJp6izSYjY4Viqd4W1NvXVUYdjSP3P3Ck",12800
"16hCh7EhSGaDWj88ywD4Yhbh8EKE1dwqFH",11160
"1LLbhw7Eh7oAJYqJJHibzhWVTnUCxJEzjH",10640
"1AgothgjeZ6knsb1Qvxc2bvY1JayxZFDJL",12480
"1MwUtt6Zw1FRHGEojhbQ4yqED53aDYrPRM",12720
"1BG5LNUmXbFN3jhQVL2xu3BJXmZoYQVQpv",16720
"1DqX27seNsaXzd1foDh8gk8BAwRiSefnC4",11880
"1B8LdS1ag5LYKcF7WNBAAj6CPmtiKw3vSB",10710
"1QHHn9NokhF2gzCoxuf6fUL4DUNWEBbQPp",17200
"1PXjA1i5NLKiiWBrjfCLgxwNzqKJD3UMcV",12560
"1HoTLbEeNEGXpeEwpwAMjKu8bVev5LDtwH",12720
"1KbEKhFFrnWya1LJgM8Tmg2qkciwTZ88q",23840
"1HVvM4Vzi6PYseDhj5eq1st9oQLihsuJQW",15280
"1LjHEEM3UR3NfDkNiff6bPn4o6BgwskwX6",18180
"18cwQ6G6SEn18vBqAppNWx4BhVWnnNezSK",16950
"12TnUBbRZseUz8eNTXe9EEajoGjziTrno9",16480
"1PZYcgv6FqVj4K4J8trLNr76SzACUzjYxW",10560
"19gip8f81kak1XDWw1PuSTF8PeZui9YcXW",11860
"17tz3D9sGWwTRv1H8P4ydbSQZHuP2oN5EF",107000
"1Gba37WvCsz7o2SwLMCZnFy72xTEbPETax",100000
"1M8LVmLn5tFr8KVT4EPovsADSjs2e4ssEi",88000
"13qpYWTLd2F9GAib7dCfyyrkuBGYw12Eyq",75000
"1KQ52TRUKWVmMopMYMEEUqNnAWsVuVXpyK",64500
"1KMwwx11SULCvZ8wWcon7Sd5QHyQvQK31K",52137
"19GmEDFGjEdnKbuZrpJwq8LQGWUUw8Abg6",37528
"1CgTCzho1D7RznsH3xAnoCukuFDhid2QKt",35000
"15senJYLK1fPnfBYpVemdjA7mWaff6kqgU",30000
"1FszRMopMeEf4WpsTNSk4gY37qotL2bAcn",25000
"1GD9vFuGUAxE8ifYNzvEeaNReTdX76gCpZ",25000
"1Eqeu9Wyk6jS1Kdaiq3hsdkRnC4J8LC2cs",22247
"15Q4ojydtq3hxpVpiN3WFfTe95fg9yAWKS",20000
"1AtQUEjuabGm2nxdaUbzHc9hvRmDQjCeJS",20000
"15ezjxGDeefkHcwAmQNWPX4Q1FUy1CvLGb",20000
"191dSnVs7foE9SrToXrMuBb9nMxEdTbiY3",20000
"123n4hnydwVrrugbqgDN54Huugkj8RZ83L",18655
"1C21FniNparw2UoDaRkZW8jfnDikGWMivA",17800
"1HiszT6HzTFWMjVPqqQD26jg286UUEJTj",15000
"172iGd6WidsmtFxzcXpys9GHtzFG8pHJCD",14241
"1Q7CxLmsii61FpzJZk6Mdy6u1Ce8JQYXGi",11850
"14GdZFUfLpCRPB2GAhUcia47vQtSr5o4pa",11068
"1FhTAMRE7bv5JuCBo66SfVJ7kQBAFmcGqK",10100
"148LhjDo7HyrG2Yy7JtCgyJgdLMtsJaqBf",10000
"1K6Su8tvG6pNHfeccag1Q1q9T5efQD7EG9",2045197
"12rywXppwNr3roXovhBUVkVKE7MeuzxRsJ",2061296
"1GQ5d2HfdyGMXE1vVMAiNJmwLG6hLU1LQV",2122400
"1Bqs7YE5GG842bbQ9sLdSGSGs28y4uXTiD",2746499
"1L7N3TVFHJFy2a6cCF9P7h2Uztk7xaDDuV",1831976
"1FZPdNDtR6qJVsqTaCFHUbjz8vaPym5nfe",945000
"1FZPdNDtR6qJVsqTaCFHUbjz8vaPym5nfe",940000
"1LgTqKwDUJ7F45w2ca4Df4uDpYWcYWowwj",6625
"1EM5YJX8TAwifNBWYjLJ8dGyYaWKCG85gk",196000
"1PBu2zQbTJwuHrahPdPvE75r9ogVJaVUSQ",1460000
"1KbJ773STQMVWwvTjx65RQKSeVFDhsCu3k",40000
"16SPNHiQatVdTv8ZTh266VNH8QSqEWDRKV",1000000
"16SPNHiQatVdTv8ZTh266VNH8QSqEWDRKV",1000000
"1EcDDy9947x5JgW7bWj1rQT1bVAiMpgtLB",150000
"19qc34YfNgYqYf7CMfe1QJC96pHQop4w3M",150000
"1QHqHFXXv9LbrZanpfSt2WocCoSU4ghBUe",8753
"1KvhrrRnWXQ7zcLjC87QnKKLMbobR9CKDE",150000
"1Dowu8Sixnv3YF8WN7gimJxYP49QQthE7e",210573
"1PGAQv3Z5dhjDoh1P4TiowWnEuhbkzCD2g",2128560
"1LQh2s6gMHtxkebBYUCeX2aGtp9rRXZR4z",1000000
"1KpDAsiaFWLVajhDgwXyM878PT6kYoL5kV",9673
"1DLxKFSDmxAdNyeDxchYyYKHcPwjGFEQf7",14588
"156mnUcxXQTmCbVTp9hDfZnsyS63ti9Zbx",712312
"1LJXbtoKCmwDD8tM8LvdGBbcVBQ5nWLyd5",10000
"1LQh2s6gMHtxkebBYUCeX2aGtp9rRXZR4z",100000
"13kVDNoNWh19jTqQ4Ga3KerhpXVdV2Y9XC",8
"18cwQ6G6SEn18vBqAppNWx4BhVWnnNezSK",14
"1LqAiuTSK2KjXtibL8iZA4DEQhGL4MjjX3",11
"1FTx3Jj17w6SPtj1Rub6t5xRqGqkcCvNNj",5
"12ywCktz2St6bmpYEVXFTj9yRANqUPG6Yz",1209
"1Awy4Y9sUiTbGNrvrJKLtQ5hW2WBMfahCf",9
"1B17Zh95h5eZ9VTNag9e89qabbshUiByLr",1204
"1FdcBichMwFx6C3zjWqgC96j6FTeFocj9L",903
"19yjxjcfc2DGRtGEzwVkmPkDiBZ4EGC6Wv",8
"1LFVuyHB6p6uixugB7PUxUvr78sxC62nA8",404
"1LZuhVRCoJetB88x814QWqUcSogPcoT6y2",417
"1GvPYNfMNGwaoN1b1SZy6JK4Zm72ZkK6HN",313
"1Q1ub4f2J2ST2obvyA9cgnfgCf8E1vGxDE",14
"1osmXqwhYxtEHkx81E3fkQJBLR6imE3QK",404
"195RK2kUTiNGspe9k9KdVoK4ES3gNuos4G",1200
"1M9fdXKirajPHcPXTAJk7qnSy4hNJhGetY",4
"12AAmF7HZSPVhYdrq7tUFNLUNYRTof2RMm",6
"13kVDNoNWh19jTqQ4Ga3KerhpXVdV2Y9XC",8
"18cwQ6G6SEn18vBqAppNWx4BhVWnnNezSK",14
"1LqAiuTSK2KjXtibL8iZA4DEQhGL4MjjX3",11
"1FTx3Jj17w6SPtj1Rub6t5xRqGqkcCvNNj",5
"12ywCktz2St6bmpYEVXFTj9yRANqUPG6Yz",1209
"1Awy4Y9sUiTbGNrvrJKLtQ5hW2WBMfahCf",9
"1FdcBichMwFx6C3zjWqgC96j6FTeFocj9L",903
"19yjxjcfc2DGRtGEzwVkmPkDiBZ4EGC6Wv",8
"1LFVuyHB6p6uixugB7PUxUvr78sxC62nA8",404
"1LZuhVRCoJetB88x814QWqUcSogPcoT6y2",417
"1GvPYNfMNGwaoN1b1SZy6JK4Zm72ZkK6HN",313
"1Q1ub4f2J2ST2obvyA9cgnfgCf8E1vGxDE",14
"1osmXqwhYxtEHkx81E3fkQJBLR6imE3QK",404
"195RK2kUTiNGspe9k9KdVoK4ES3gNuos4G",1200
"1M9fdXKirajPHcPXTAJk7qnSy4hNJhGetY",4
"12AAmF7HZSPVhYdrq7tUFNLUNYRTof2RMm",6
"13kVDNoNWh19jTqQ4Ga3KerhpXVdV2Y9XC",8
"18cwQ6G6SEn18vBqAppNWx4BhVWnnNezSK",14
"1LqAiuTSK2KjXtibL8iZA4DEQhGL4MjjX3",11
"1FTx3Jj17w6SPtj1Rub6t5xRqGqkcCvNNj",5
"12ywCktz2St6bmpYEVXFTj9yRANqUPG6Yz",1209
"1Awy4Y9sUiTbGNrvrJKLtQ5hW2WBMfahCf",9
"1FdcBichMwFx6C3zjWqgC96j6FTeFocj9L",903
"19yjxjcfc2DGRtGEzwVkmPkDiBZ4EGC6Wv",8
"1LFVuyHB6p6uixugB7PUxUvr78sxC62nA8",404
"1LZuhVRCoJetB88x814QWqUcSogPcoT6y2",417
"1GvPYNfMNGwaoN1b1SZy6JK4Zm72ZkK6HN",313
"1Q1ub4f2J2ST2obvyA9cgnfgCf8E1vGxDE",14
"1osmXqwhYxtEHkx81E3fkQJBLR6imE3QK",404
"195RK2kUTiNGspe9k9KdVoK4ES3gNuos4G",1200
"1M9fdXKirajPHcPXTAJk7qnSy4hNJhGetY",4
"12AAmF7HZSPVhYdrq7tUFNLUNYRTof2RMm",6
"1JmcdMYoAniNQhxf1QgWjreSccAPNzs94r",445556
"135ah3XsyXnx19eXzMH4rfsKp1Lzpii8Rw",960000
"18xnXnkK7G3uEVvBibstj3qPdy5hw836fg",30265800
"1CfqEuw2xJV3ci1sqYDjDuJ7Zpv9BBy8qe",2000000
"1DN8TLpKcnoR3aYXQUDxoTmJwQDVAe2eQc",24813114
"1LnkAtvyxLhd7bwmfo68kQJ9La7ZN8eAt8",4718856
"15DivvrLQUX4eCy2j5Dc8tbJdZwgeWJgVY",1000000
"1Frhnc3K1EB59brbmQgoT7pmZy7UN6CeN6",1010000000
"1HtUxFf9pjxpmfVgirXeALKA9VQ1MY1oU5",41867
"1FQ4aG8PdmkumPXwr96p6pMHv2QZJkVLgS",3026697
"1Fmd6VyHwxSqerX8pbzWjvqo61jFxgMVn7",1000000000
"1QJ837wjjjZVQ494JAkhfo9DG4vPn3Ghv7",10000000
"1GAU68eXv5jf3yojwCXe3wRuAG2cMkXdH8",50000
"14fyb4ADdpqTDC9VM6YVX3NfeADCKhX8qm",87700000
"1G4KYtQc1jZz9BMmAxkgF4xF2V5fpPx95p",950000
"13uZiGEe1nCkNwCTn6HcJwpZiE5g1RSWxX",9232837
"124nPFLjt2tCJrApoaurbdrBfQb9mP2Kr1",2000000
"1Nrf6KUMzTYKPTm4dSRf8ag6uhh8Xe2NfH",918263
"1MVs4eX2YuNUBEQ4i2bDAfVuZ48TVkGRkr",59715
"1NpTb72PPGbTkBARynLS7Y3kGqKfRQiQKN",1000000
"1P7VYcnSCFZLPuYWJyhEZTY9BB7qxYVyZW",1000000
"1KCfHk8Z4XEubW3W3mXj3n9rGUJv9pzT3i",1000000
"1AUAT7rQidMdZpdhdcAdUBtMLbz9BS2wqP",1000000
"1hRotHULf7C9mhZrJiJX2bS9zZJEhiRs3",25000000
"12gGMZLqxKjAryR2PDhjwVsZ3krBEVKjKj",10000000
"1JvFL9z8UJpNp2yLXvmMuPbTdJuWavcypV",10000000
"1esNfQG5iLrsdhMcJwy4T8pwHyw4khyxe",47230
"1CcrUWyCo87i4pUVkoA7myDRqHESBnWY6n",38000000
"1Ng3Kg5VbBBr4DQSsHNTQmeDzVkbFCciDf",6307
"16bGrkb4tN87a1yPPSREW4pFM7MB91N6AR",28830000
"12yqLsUvrULLvejhJMWnTcEQ7xhHCoSEGC",250000000
"192AuZpasznbaKFDwzM3kj4yJj8TqeSyAY",554640571
"1L5hdsrnTx1fuLd2VND3siSDTLvQnNg7cn",30000
"1ENrnCWCFfsNagev8ZqCQ9c1eeQxc5u7QU",530000
"1Pv8n9hEG96vKfRQ4hDFPZ5CjbUsU3gzdF",37000000
"13JiPbUmSaFJiH6Foo7ywzp4qVvyErQXBH",1440000
"13kVDNoNWh19jTqQ4Ga3KerhpXVdV2Y9XC",8
"18cwQ6G6SEn18vBqAppNWx4BhVWnnNezSK",14
"1LqAiuTSK2KjXtibL8iZA4DEQhGL4MjjX3",11
"1FTx3Jj17w6SPtj1Rub6t5xRqGqkcCvNNj",5
"12ywCktz2St6bmpYEVXFTj9yRANqUPG6Yz",1209
"1Awy4Y9sUiTbGNrvrJKLtQ5hW2WBMfahCf",9
"1B17Zh95h5eZ9VTNag9e89qabbshUiByLr",1204
"1FdcBichMwFx6C3zjWqgC96j6FTeFocj9L",903
"19yjxjcfc2DGRtGEzwVkmPkDiBZ4EGC6Wv",8
"1LFVuyHB6p6uixugB7PUxUvr78sxC62nA8",404
"1LZuhVRCoJetB88x814QWqUcSogPcoT6y2",417
"1GvPYNfMNGwaoN1b1SZy6JK4Zm72ZkK6HN",313
"1Q1ub4f2J2ST2obvyA9cgnfgCf8E1vGxDE",14
"1osmXqwhYxtEHkx81E3fkQJBLR6imE3QK",404
"195RK2kUTiNGspe9k9KdVoK4ES3gNuos4G",1200
"1M9fdXKirajPHcPXTAJk7qnSy4hNJhGetY",4
"12AAmF7HZSPVhYdrq7tUFNLUNYRTof2RMm",6
"12gpKEsefd8311ztTqDZPp8NZkAGqEv3gL",810000
"1Hic8TqpDQLwiQ2WfcbYNThLiPFB64Mp8a",1708164
"1Hic8TqpDQLwiQ2WfcbYNThLiPFB64Mp8a",40000000
"1NdK7VqTFTVfV9EVz3dJBdkixuzvtpi4X4",5800
"13knCwHmutjU3oN8jxTkVQ5HLdrrVyCtSq",10000000
"1JPSUvjdibQrJiDeCmeKMUQHvqBRtGUhfx",10000000
"13Ltfxxxvd8xW2st1EJG1DWQHdCsRJerdn",10000000
"13kVDNoNWh19jTqQ4Ga3KerhpXVdV2Y9XC",8
"18cwQ6G6SEn18vBqAppNWx4BhVWnnNezSK",14
"1LqAiuTSK2KjXtibL8iZA4DEQhGL4MjjX3",11
"1FTx3Jj17w6SPtj1Rub6t5xRqGqkcCvNNj",5
"1A7LBhDFZPd1RMVz4osoTccxsPGgFTqLQp",4
"12ywCktz2St6bmpYEVXFTj9yRANqUPG6Yz",1209
"1Awy4Y9sUiTbGNrvrJKLtQ5hW2WBMfahCf",9
"1FdcBichMwFx6C3zjWqgC96j6FTeFocj9L",903
"19yjxjcfc2DGRtGEzwVkmPkDiBZ4EGC6Wv",8
"1LFVuyHB6p6uixugB7PUxUvr78sxC62nA8",404
"1LZuhVRCoJetB88x814QWqUcSogPcoT6y2",417
"1GvPYNfMNGwaoN1b1SZy6JK4Zm72ZkK6HN",313
"1Q1ub4f2J2ST2obvyA9cgnfgCf8E1vGxDE",14
"1osmXqwhYxtEHkx81E3fkQJBLR6imE3QK",404
"195RK2kUTiNGspe9k9KdVoK4ES3gNuos4G",1200
"1M9fdXKirajPHcPXTAJk7qnSy4hNJhGetY",4
"12AAmF7HZSPVhYdrq7tUFNLUNYRTof2RMm",6
"1F2g9xbUZjvaXtUEAK88vAi1ViJBKcLpyg",1200
"1C2PJxFpVV8LFV3rsh9ohTYZCRScMnnuWs",1613
"15epbtG8reKd9d1anoNvyFVYCYLtb5WnA4",12
"16PiMYHagczwYePuEmEZNnR8gTgfPAJHFk",4
"16qujgeYMay75E3TnzYRP5L3x6iAVmAwn",3
"18MjktKzCJVUE7rfvTZSSCRd7wtCLB8nbg",900
"195RK2kUTiNGspe9k9KdVoK4ES3gNuos4G",2113
"1M9fdXKirajPHcPXTAJk7qnSy4hNJhGetY",404
"12AAmF7HZSPVhYdrq7tUFNLUNYRTof2RMm",303
"1F2g9xbUZjvaXtUEAK88vAi1ViJBKcLpyg",1200
"1C2PJxFpVV8LFV3rsh9ohTYZCRScMnnuWs",1613
"15epbtG8reKd9d1anoNvyFVYCYLtb5WnA4",12
"16PiMYHagczwYePuEmEZNnR8gTgfPAJHFk",4
"16qujgeYMay75E3TnzYRP5L3x6iAVmAwn",3
"18MjktKzCJVUE7rfvTZSSCRd7wtCLB8nbg",900
"195RK2kUTiNGspe9k9KdVoK4ES3gNuos4G",2113
"1M9fdXKirajPHcPXTAJk7qnSy4hNJhGetY",404
"12AAmF7HZSPVhYdrq7tUFNLUNYRTof2RMm",303
"1F2g9xbUZjvaXtUEAK88vAi1ViJBKcLpyg",1200
"1C2PJxFpVV8LFV3rsh9ohTYZCRScMnnuWs",1613
"16qujgeYMay75E3TnzYRP5L3x6iAVmAwn",3
"18MjktKzCJVUE7rfvTZSSCRd7wtCLB8nbg",900
"195RK2kUTiNGspe9k9KdVoK4ES3gNuos4G",2113
"1M9fdXKirajPHcPXTAJk7qnSy4hNJhGetY",404
"12AAmF7HZSPVhYdrq7tUFNLUNYRTof2RMm",303
"1F2g9xbUZjvaXtUEAK88vAi1ViJBKcLpyg",1200
"1C2PJxFpVV8LFV3rsh9ohTYZCRScMnnuWs",1613
"15epbtG8reKd9d1anoNvyFVYCYLtb5WnA4",12
"16PiMYHagczwYePuEmEZNnR8gTgfPAJHFk",4
"16qujgeYMay75E3TnzYRP5L3x6iAVmAwn",3
"18MjktKzCJVUE7rfvTZSSCRd7wtCLB8nbg",900
"195RK2kUTiNGspe9k9KdVoK4ES3gNuos4G",2113
"1M9fdXKirajPHcPXTAJk7qnSy4hNJhGetY",404
"12AAmF7HZSPVhYdrq7tUFNLUNYRTof2RMm",303
"1F2g9xbUZjvaXtUEAK88vAi1ViJBKcLpyg",1200
"1C2PJxFpVV8LFV3rsh9ohTYZCRScMnnuWs",1613
"16PiMYHagczwYePuEmEZNnR8gTgfPAJHFk",4
"16qujgeYMay75E3TnzYRP5L3x6iAVmAwn",3
"18MjktKzCJVUE7rfvTZSSCRd7wtCLB8nbg",900
"195RK2kUTiNGspe9k9KdVoK4ES3gNuos4G",2113
"1M9fdXKirajPHcPXTAJk7qnSy4hNJhGetY",404
"12AAmF7HZSPVhYdrq7tUFNLUNYRTof2RMm",303
"1F2g9xbUZjvaXtUEAK88vAi1ViJBKcLpyg",1200
"1C2PJxFpVV8LFV3rsh9ohTYZCRScMnnuWs",1613
"16qujgeYMay75E3TnzYRP5L3x6iAVmAwn",3
"18MjktKzCJVUE7rfvTZSSCRd7wtCLB8nbg",900
"195RK2kUTiNGspe9k9KdVoK4ES3gNuos4G",2113
"1M9fdXKirajPHcPXTAJk7qnSy4hNJhGetY",404
"12AAmF7HZSPVhYdrq7tUFNLUNYRTof2RMm",303
"1F2g9xbUZjvaXtUEAK88vAi1ViJBKcLpyg",1200
"1C2PJxFpVV8LFV3rsh9ohTYZCRScMnnuWs",1613
"15epbtG8reKd9d1anoNvyFVYCYLtb5WnA4",12
"16PiMYHagczwYePuEmEZNnR8gTgfPAJHFk",4
"16qujgeYMay75E3TnzYRP5L3x6iAVmAwn",3
"18MjktKzCJVUE7rfvTZSSCRd7wtCLB8nbg",900
"195RK2kUTiNGspe9k9KdVoK4ES3gNuos4G",2113
"1M9fdXKirajPHcPXTAJk7qnSy4hNJhGetY",404
"12AAmF7HZSPVhYdrq7tUFNLUNYRTof2RMm",303
"1F2g9xbUZjvaXtUEAK88vAi1ViJBKcLpyg",1200
"1C2PJxFpVV8LFV3rsh9ohTYZCRScMnnuWs",1613
"16qujgeYMay75E3TnzYRP5L3x6iAVmAwn",3
"18MjktKzCJVUE7rfvTZSSCRd7wtCLB8nbg",900
"195RK2kUTiNGspe9k9KdVoK4ES3gNuos4G",2113
"1M9fdXKirajPHcPXTAJk7qnSy4hNJhGetY",404
"12AAmF7HZSPVhYdrq7tUFNLUNYRTof2RMm",303
"1F2g9xbUZjvaXtUEAK88vAi1ViJBKcLpyg",1200
"1C2PJxFpVV8LFV3rsh9ohTYZCRScMnnuWs",1613
"15epbtG8reKd9d1anoNvyFVYCYLtb5WnA4",12
"16PiMYHagczwYePuEmEZNnR8gTgfPAJHFk",4
"16qujgeYMay75E3TnzYRP5L3x6iAVmAwn",3
"18MjktKzCJVUE7rfvTZSSCRd7wtCLB8nbg",900
"195RK2kUTiNGspe9k9KdVoK4ES3gNuos4G",2113
"1M9fdXKirajPHcPXTAJk7qnSy4hNJhGetY",404
"12AAmF7HZSPVhYdrq7tUFNLUNYRTof2RMm",303
"1F2g9xbUZjvaXtUEAK88vAi1ViJBKcLpyg",1200
"1KTZVvCocC4MDGL5pr4KJR18LgHqtgUanc",3
"1C2PJxFpVV8LFV3rsh9ohTYZCRScMnnuWs",1613
"16qujgeYMay75E3TnzYRP5L3x6iAVmAwn",3
"18MjktKzCJVUE7rfvTZSSCRd7wtCLB8nbg",900
"195RK2kUTiNGspe9k9KdVoK4ES3gNuos4G",2113
"1M9fdXKirajPHcPXTAJk7qnSy4hNJhGetY",404
"12AAmF7HZSPVhYdrq7tUFNLUNYRTof2RMm",303
"16K6LSY6i6xrEuT1QBrt7Fmfufud6m4R2Y",485
"14NrcEtoBJA4WtLf2i6VyLTYegot5GFLQD",103976729
"1KDHShm17hwTwF3gvGrEyuayeCMuXoX1mz",450000
"1AhGaUX8oLVaxavV8UC9wTWL6VoXbDvcZx",10000000
"1NWza1oYRkP497eYWDb8RAsp2soDYV9xiv",10000000
"1FkYWpTsh999USb1zuSDEspjCuAeRE9EtB",10000000
"1Jvha7YTCsrS7UbEZQKdAGJLZMAqhDxoAN",850000
"1PdeyFMARQ32572VVh8TGKR2gRrVKw6W6i",950000
"1GxA4Z3ZfiMPhvUfXxREArFP7bQrEHDA9b",10000000
"1M9Y6BqdPuGx4ddC673tDhzTia7GC4i31u",5849
"1MDngsfh1it5xuGtxSQRqX3QXX2Bso6JHy",10000
"19FcW9KH9pXA3Y9iVqPBucXnGa8XyHyPQN",15360
"1M1Kjt42UVaEco1yCWzYsGSSy7UUeqJ9wM",12720
"1KafCLQRsNgkjn1xPASku8cEcb7LHqug8R",10660
"1Eqeu9Wyk6jS1Kdaiq3hsdkRnC4J8LC2cs",11920
"19tVPDL4e7hW8KBFAteTeYqK87LTwKZhAS",11850
"12ShNeS3h9Qe6PnuEDzPyP13QStzyPzwWe",27200
"1EcbdPeyeuVHp1sayFbUy6u2DyyunQXPFp",11440
"12AaUtFVKYQT92dVNqg5R8MucQhrtMg2QB",10640
"19pqSKMotEcSjgHD84tqHa4AsjbYWAyMpb",20720
"1LbBA2hkj8cFf4iXsYd7FoyfchWARVXgBA",18720
"1CH8DkTQwRt8UZNkEyZBKWKQ973Kb3QMxh",16480
"1FEyVxmza1JAe5fofigL2NhWhVAmV2tYKo",13680
"12ZYxd3hiHWFpJ37DxWy3wSA7u6Z5y1TWq",20000
"1KZDLeeKgukFHFsgcPWNsVddN8cpsQbabh",12720
"1B2o6mRF8n9aEbUKjBFYAw9t5vc1wsewoM",16160
"1AwHLKosHUGWNu4egEBC8GkevCzsGs16ah",10720
"15hVwAW1Gec4nkbej6aLNA4mCEJFiEbwM6",11280
"1FQr2nMmhmqeq9LJNFU1uzGSVGtEw3kFzQ",17600
"122AXeLto7TXq5vhy2hRM2WhRyKvSFXVrA",11920
"152J5dCHFkaEDKfCGT1LkcvJJ9iuPAKUiG",11830
"1Q1ub4f2J2ST2obvyA9cgnfgCf8E1vGxDE",13680
"1H5tm7yQNEhpWUP2AixvgXPFGm2KPiAQzS",11440
"1Awy4Y9sUiTbGNrvrJKLtQ5hW2WBMfahCf",12240
"17RSJGxPED2uxhvStt6jy3oaty18gpv5g",11760
"1G4KqbSaUuRhnn2tttRqckJr1cf3GUMef9",10430
"1FBG4YfH48XtBc8To9t2VitGUG3532WE2S",2052396
"1BYsmmrrfTQ1qm7KcrSLxnX7SaKQREPYFP",2299199
"1KQ52TRUKWVmMopMYMEEUqNnAWsVuVXpyK",22413
"1KDDjz43Jo4MfWZL5Acmpd2oTTE9MTAa9T",13176
"1JwHsNBggi2XWBc9cXnBBtF1AvS8wXrfxT",14340
"1HW8sz3Ecduo3R9hLU8CjQJmkVmqHKc3yZ",65694
"1Gsc8hPBNYC1vpTPaq3qbjEWCVppEGd1Lv",106041
"1GMfnKGVr2QaRMurddbuhLZjw3afaP8d3i",61103
"1E55cuZDgXEKLWVAL1AT44UV8DkPccrboV",13001
"1CSbWVWKTHocAMyx1cq7FWgdU4RDFnKdqH",16400
"1CEc4AH2i8uvWkHxeFgo1R6f4p1NcArnYY",46707
"1C21FniNparw2UoDaRkZW8jfnDikGWMivA",13488
"1BGmpdyr5fMhhFiYHSTarzRKM4gsodh5rv",30206
"19qRBFmdeat412wDC9PkFLcBuAJL5XD2XU",19914
"19eqe6HxhmjM4JHgM8DnEFKspASr5yjWx9",13687
"1574A35P5BRTCiwfbH4Adf6kxbfg6Qq66R",16460
"15Q4ojydtq3hxpVpiN3WFfTe95fg9yAWKS",13887
"15KXM97ZcA8FgJfEgSU8MKLhgFTTmyc6MJ",15039
"12eDnGqGdxrMSMQGr6NLgexZ2qbPKHAWuR",13001
"12CDawagEHehX5LTxTLwFByVvh78oYTEgw",37746
"113XByyrN3KrLFS2NHpAS9dxFidZJPGY5t",13241
"1LMt6Jr6Prj3VEZvYcvmDgzYDPZparvsyT",15200
"1EtWJAy1wjjw9BEjisBrXuFqUSakso7gSb",3848
"1GppAYqZpqRmx5jQcQiJw3H7BVej7jaBPn",428
"18R1a2SSA2waDehRAfRwhS2YjaJNHuem1b",100000
"18KtiPP8iGsUvWZ9UZmNzhmkjRCYdagsJf",1243834
"19MN9uj6HWNKYdeKhTkA4BbAyMCpgZPN9",30000
"1Q2xCumJkGBbWm48tKNpvGnkhzC6V9oJtd",400000
"163YcUiW8LszMuz2ogZrtfhUqWozdLAWsT",10000000
"19qPLTQDvhCXTfWuEub5Nj79b84zf6SUwG",10000000
"1HS7rS7bFVZxhyBCd7m9Bg2ta2HdDZoDX5",3000000
"16KfyHdMR6kUEB9S5P2UgEMMqy8TfYmcaA",480000
"198Wbv2dxUKSE23jg9EQCQMKDgqBRnJMYi",1451445
"13e824qCxu7jLH2FYPFCL3QxEhUKbnr46m",10000
"147Z3EzpBRkmf3AhRNAEr42mgQ3787K496",10000000
"1DFFXem39d2NmA8yfLfFpqNDEqqwRPBMDL",6475
"1EnivUh2Mb2SYuYX2cAPLGPJ5d62Coke2n",38642429
"1Jj1UDhF3GSjHnCJcQ8Rf9BmTwEjv1DQiV",694000000
"17QRtrYDyx8qLFX6bVJRMX4Er7JWe8Fg6R",580000
"1EfJY3ZR1oaucAQJJNtCaLCcohvbwcL4km",5000000
"1FVwrwLeRgZx1XKJTisyT6EQsvUHDoyHt6",8425152
"1LaW6vXiSEKGDqmJgovPho9yLcosGUPE3m",140419200
"1591TioQC4j8iUnkEmxMHbhbaH9vZ5xnBo",1404192
"18241gSEEtnsPDBZ4BdpJucVvPFfQZcPzJ",14041920
"1EB6ubsAGvC7PR2eTUiikpVtXjRXymXDLE",491467200
"1JgV28xpDzpK4QXrgaZ6c9dxNoKQHVsLwZ",14041920
"1HgFUTRGftDSB11tYdv62FnFp6HNB1ZB2N",40215
"1Czha5jzcKvuovvkfozL8SSxJRFtENoxH",148757
"1GwE26R1FVPGHqnUBDaAgdc5tBWQwYV7RK",179109
"18gJhCXGWUD8MpiCvG5rbr5qava857Lgpr",530170
"12P1pn2r3AeSpzac2cjPiDBCuvgus4gnjf",549321
"1D5qBArsq29qASazA9wNqr235s8s4A8hQx",595027
"1H9CnreMwazFJVi15FmzPvvf3tbyFiLcAk",618331
"1PDgjxWin9dtSoguMouPNsy7dLzLYmRcHb",877487
"19LSHErBbSp8E8hA22FsNvq4MvVyTSmwGw",1508140
"12TeDqkdNWXYafpghVAdK4DTnec5KGtXRv",1678424
"198iwuZANG8r2ErjN1eQDZUFFy8gZqixeb",5427887
"1H9CnreMwazFJVi15FmzPvvf3tbyFiLcAk",689977
"12Sz1yjHkbM4QXFbd32staHs3czgYTF64e",8113
"1MsYNDL4bkw87Cr6cChHeH73RLoZwF8pr5",48528
"16JhTchkMkfhHRnAVU9kD83XVA62qYqCy5",2026724
"1oEqZHRAEwXJ2Z3PZQHJLYfmTLhC8KPmR",68223
"1PQFqTuHuMJcyTCRjFXqcReg6sWqumFpky",150000
"1GgKgNCTe87LET5c5sf6bG3B4iWw6eaXZ4",1000000
"1BqM62b5DPEqY1xuBUC4KgK5Dw2WcsLjKw",1000018
"1Gnx69BBndNc4ByqPxwaXGE2WqpPhML8ds",1003229
"1PapX9gHi7Gn9aeQxiUd7WEAUbXfCGCD2m",2500000000
"17PFyiMLjeDsn33JV9cst5q4FApT9rhGaY",5000000000
"13KHzuvf8CvZxjyj3WXJkKh2ERPGA7TnqC",575750
"1FcZdZdTP3vgJykfG9cNwcYsqAqZ6NahnU",990000
"1L2Yzc9xA68qQipGQoeb4xVBeFqzTXqpjL",11000000
"1Dx4kzaRUHAyyqZcGttmTRn2VoRPBghrY4",12500
"1Lzi6Hjdt45fFHefbA7pktzKggBs8zvouc",3205204
"1G4KqbSaUuRhnn2tttRqckJr1cf3GUMef9",120000
"1MzdwsEof2YvZYGiR9KoadJ6yw8PTPNgdE",4866389
"1BYTYUMFEBfeeT1MhDzhrwTN1YnSZfyxH8",12581280
"1AkXRukBFynYnYu4cxq5hXyexjXdbyHpMk",25086647
"1PG9L6nXZVYeEX3cjv7jHsUMwmDA6KbjkP",187674
"1KpPWGqk2BvWzhFLCVYVKd9s5ap9nWoy8G",7552299
"1Boh1jjRY9U414Aryaav8JzjRntbTUS1rq",651630
"1HQZjfZwpnoeK1hWtHmYNb2kcaTLDzb8Bz",230000
"1CJQZcem8uc8vwejdEjtnciVGGs2bVMXqq",30000
"1CU2zJcX2XQeEe3Utq7PQJBkPsunfpREhk",2000000
"1BXvDbRhhJtZgFNrc9P37X3WewjmUi6L4Y",1000000
"1BHa2wH4cnH248d3A5qnQJai9mAsPYsNf4",140419200
"18V4SrcAz8KUTSYjmxViRMT325bZfAWekK",126377280
"15YcyFoWvH2sAyaZLAPm6TpFf3VWDKwKQ6",21062880
"13fo3Qsr71QASs6F61WcTBz4PR3jtyLUN8",1404192000
"1KyXP41SyXfC6up1929WFwQRjrGyNG3J3A",1301464
"17iBPQy7zgS3zSkUzW5xgVsCbbLWQBDuGS",40000
"1TXoBRaY3KefpGvVauVQD4QJN8TYnaTuA",31300
"17ZU6yXcrMzgGkFVFR4HdvznGdzgQYZTEd",31400
"13LijGvToGqgQEVzAnt4wgTGKtpG2uKuEu",31700
"1DA4LkHd79D9aw4LQTrwL6SQqrmWDnSY3b",36600
"1Ps8cjPj4dZnMpnrLSGC2w6KmtihfabPsc",47000
"179HzVkbykqMQVNLjfKQPgNHHS7rQ1ek6i",47200
"1KLszY8QjG6mPhLVWFWu7FiJGk3EPzhAqU",35600
"1C299iKno2wenZQgJFEehhJfLKQ3sTUJj",72500
"14syGj2fFWvYmpsEWad1TpXmm2CL5y7Wu3",35600
"1F7zxkn6GoDxEWT2mmV3Mkr1rrguhYHv2p",31400
"1NLfP8aUWfNcGo2uC8BtGzUmuraLRGEhg4",259800
"1JmkEXesN46EweDzV5oniddVYuSfFcXYxV",61700
"17kge26mpMSskgJMQT3FKWAJW3FgAVBa1T",39400
"185wQJ3DjXKjHfDwW3n4nVZdy2AFvC8QN5",38400
"1Dsfzm1CDCeSHhQNfY8UBNutG2W6yUifsX",35300
"1Q8HU9WVKUGR1zeYiN7disbaj1gjZReSUn",82400
"1NQrc9Muna2PttLEcWmHvaRggfHG69kMJ2",31300
"1KKJjeCtrdveGwbKR72sMv5GTWCPUegcbr",35700
"13hafbbYbA9cyehwwBweDANnntJa3TejaB",30200
"16X16okZ7PfMhYFhZDMpkyU96pPnesDMUX",52400
"154tL2kGssbWhZRugWdrUPh6ubo3tJQvhc",32800
"1BtwZXQwYuoQHPoLKH7G85x3A8i5BgxU8m",35600
"1MPrbHX5VgLNR1JcxzH9Bkh58EqGKEwsm4",79600
"1JgyKfuUKzCi3mLPLTAGKKqjNBMZEz4VGn",89200
"1GCDuiyvzSbAMHiNVoMg4wTdABSgqcpWXR",39100
"1DZtb85D7oPp7FFn8RihHzRkLZZb24UW1Z",32800
"1aME4HiRuxHZ5X3KHGqMYPxXme5ygTtS2",33900
"1V2T3ps3CmyurWZFqZewDN2UXRan16WsL",31400
"1856UNW5AQuRM68AU2hu1TnG47zhZKhuT7",104800
"1DLG2n7r8HKeUDv3z5iz52v8ZDv6PNNtUs",39900
"1GMiX874oea5LYLpJenkk3A3W8JhLn1m5c",32800
"15YdfErtmCL4d8Sbj58XfNfEmp2HnnWYsk",35200
"19P7RKqiSgKBE6F6dQNoA2pzmYqJ6rVqVV",30300
"127L5GV2uYJS1MbbcTvxn5Ko9aGEXu2Sxc",30000
"1DRMaTGxpUDKjoEYUFQkGz44a8MJ4D61nc",990000
"1YovXj8DPHiyPdj1jazczuyh1d1QkjtzA",172000
"17vrMab8gQx72eCEaUxMwnMQfCFmsMfpSj",6000
"182osbPxCo88oaSX4ReJwUr9uAcchmJVaL",6000
"1EXoDusjGwvnjZUyKkxZ4UHEf77z6A5S4P",6000
"16HgC8KRBEhXYiQU7tDuN4mME1RMTxj6Qd",6000
"1EXoDusjGwvnjZUyKkxZ4UHEf77z6A5S4P",6000
"19JAVTUtw4Vavp3saLe1WF4SCZTJEdwR14",6000
"1EXoDusjGwvnjZUyKkxZ4UHEf77z6A5S4P",6000
"13HBto9wRQuUAjvTvbierXTrAKBw9mMkZz",6000
"13P8CSqRoboefrNsXKZieWYtZhJ4KcQHhH",6000
"1EXoDusjGwvnjZUyKkxZ4UHEf77z6A5S4P",6000
"1FDrQvgY2Xr1ADRdu3wMRPHkwCChc3fuFC",6000
"1EXoDusjGwvnjZUyKkxZ4UHEf77z6A5S4P",6000
"151ejSYyLmPkBDJUT4AStGSght6exypnmg",6000
"1EXoDusjGwvnjZUyKkxZ4UHEf77z6A5S4P",6000
"19JAVTUtw4VavgtUKAj8PsvQccTWMWESQD",6000
"1EXoDusjGwvnjZUyKkxZ4UHEf77z6A5S4P",6000
"1Nc99TuFnpybpD5t2JiLdZrtc1jLfXVdAi",6000
"1NiCDUBW8ma86gQgySACKhg2jhXb7g6zs5",6000
"1EXoDusjGwvnjZUyKkxZ4UHEf77z6A5S4P",6000
"1Nc99TuFnpybpLFHHUdDjvzvBxj8dE7FXF",6000
"1NiCDUBW8ma86gQgySACKhg2jhXb7g6zs5",6000
"1EXoDusjGwvnjZUyKkxZ4UHEf77z6A5S4P",6000
"151ejSYyLmPkB695BtFZmuJf7w6s3G8Vz4",6000
"1EXoDusjGwvnjZUyKkxZ4UHEf77z6A5S4P",6000
"13HBto9wRQuUAs5sBmdXxtbskGBj1sXXKH",6000
"13P8CSqRoboefrNsXKZieWYtZhJ4KcQHhH",6000
"1EXoDusjGwvnjZUyKkxZ4UHEf77z6A5S4P",6000
"17vrMab8gQx72X2qKK3UqRDP5FFywBWnb1",6000
"182osbPxCo88oaSX4ReJwUr9uAcchmJVaL",6000
"1EXoDusjGwvnjZUyKkxZ4UHEf77z6A5S4P",6000
"16HgC8KRBEhXYqZsP48nURuNoxR9Q4QCAx",6000
"1EXoDusjGwvnjZUyKkxZ4UHEf77z6A5S4P",6000
"1FDrQvgY2Xr1A6GEdt2UK29jMFCuexg65b",6000
"1EXoDusjGwvnjZUyKkxZ4UHEf77z6A5S4P",6000
"14C4eiR7bBGTSBptbAqkZVwCXDzHMeu7B7",6000
"14KuX323cXtr8b9VmSBLETpXbbqczCrm32",6000
"1EXoDusjGwvnjZUyKkxZ4UHEf77z6A5S4P",6000
"14C4eiR7bBGTSJzHrLkdfs5E7Az5MmvCPL",6000
"14KuX323cXtr8b9VmSBLETpXbbqczCrm32",6000
"1EXoDusjGwvnjZUyKkxZ4UHEf77z6A5S4P",6000
"1JA2KrrpbShtBp7gFxqPTVs6cppBYDBwhg",415420000
"12n3ZXz9RPjH3WjbhTn33v2YeJLJz2nmsJ",13522000
"18R1a2SSA2waDehRAfRwhS2YjaJNHuem1b",890000
"18R1a2SSA2waDehRAfRwhS2YjaJNHuem1b",970000
"1MudTkKLdS2TLYNBxSoecyd4ovzsMN29cs",435888
"1HmSZwgrd5vEtVkn4qv2cMHzFqq71GvcYY",2246707200
"1eRWaFTnNhPB1ywWXHje8kwzYW2wSVVU3",238712640
"1DEYJevtmFeZ4aJkLXtWWADYXfxWdRfrfJ",57571872
"1KnmV9qvNWaqtmUbxRb43E99xJY9a1vxeq",12720
"1LEBj79tZ56Ti4dQMJsNCLJ1WvpZG49wh8",10570
"1NjS34NqaJs2fC7tmiqXr428eGWBiWTXvt",15440
"1Q8HU9WVKUGR1zeYiN7disbaj1gjZReSUn",14720
"1MZUhMgC3t7pTSRD44zfrdsFNcBUv9Dg8y",10400
"1hiwJt5zZ5sj11ftHwiDMHGj6E4BCaNpQ",11340
"1LZuhVRCoJetB88x814QWqUcSogPcoT6y2",11080
"1MYYQR8jh8YGmrebc4rceKBxHSRPddqAmU",12720
"1AmHLvtP5kS6gmLjYfNYtpft5izWkkdzRK",23580
"1kbeHShiK5x1kWg6WsnmGKePGe8U8td3o",10760
"1L5HdD7V5Nu2Hm6L6YdWuWbxHWe1FvktY1",10070
"17TVF4K2wadcmjr1RiumD22UNQRGx3YwJu",14560
"1EN1vxgpLyiwSwkkvF7wzWCY4YrkUX85Ri",16240
"1HQ44wwrMn3qZ9XT4E85bNPswmEUf9RiEZ",10120
"12qmAjHoSB9NLQuM7i8HrnQ2eNLJbfEP8r",17040
"1BZFat8mfZeQ5B4enH6ZsBx5xc7S2JENeG",10720
"1EFvpLjfjfPkVcxZWrkBcDNEtwqvYttjxi",17040
"1MzE1Qgnog4XJ4hq4f3iEkiCd8Qob8h6L5",12400
"19KpLFcB98KyZFoCKGEtCsrb4yiA5dTeS7",13680
"1BC5PunTGF6zQdD7Vh16MRth2WdbNfNUr6",11520
"12Sz1yjHkbM4QXFbd32staHs3czgYTF64e",14716
"1GEkc3LoFgPRNPaw6iBin9xd8QkpLYKhnf",100000000
"1APkHi7aipoixPMPoM6P5p3m5kRNPAR4TE",1000000
"1H2CGiYEN6LD8Kdst4cBaGQbfWZsZhXod9",20209224
"19ebH7vsge5eDYQcbCFoZshERKpXc6YcvL",604899
"18wYfUwxeB2xDqLtVqeG8JBnH3Dd3ZGq6C",1000000
"1MQf8R5gUNYSubbDfxKygn3CsssHBiCGXK",10720
"1nbGPSGQkyBJpnT2rt7kYTqV7Ztx6g8aJ",14560
"1MdnNqpdwuDCTi8rN11UGA1z318VooqhK",16480
"1JwLFUk2QYjkKxWgDnNfLLkKEKAX9NZWYP",12160
"15UYhXfZwDxUt8nZ7PyHzbYREKuaSWAy6t",10720
"17m8DC4CtNWo8PC1xdtW2iQjpz1hLK6VW7",18640
"1MFQfeuk6zUR9wBKTKHjp9RsDeXrKa3Nje",14800
"1EVgbLbK92wj4KZdnZZGFc2c5sC5huMNRX",17920
"1CiWMSLG2diXYT2ndVpC7AwE7vZpCLVJdw",17760
"16UeeuN3Mwh7w2mzU3JcCsdy5HJnNfPFRJ",11120
"1Dow88FXEgeuF1r8uzK3ftHuB6DQMjzi3P",12400
"1HEV3nLfAFrRknJHea78SYa8fGamA3B7Co",11760
"1JqJADFr8UPc5CZwvhSDMc99TesGcCnqk3",19680
"1fVZ7NeGABCSiomMTJAKLsVw8uxuWE6MG",17040
"1NWkresdTFKbNucjRXBE6dWA8t4aUyT47Q",12880
"1FGDk8KjefJJroXQfvXz8vFvRNfJGjXbYS",10890
"13jatJyVz6ngsKack3kkWyHUbeMmBUBAkw",267910000
"1GAFrtPWWeBXXN3k3ymz5bwhPtBs28nPKp",30300
"12PAcwisBJYWH6EDMMyBtZqpNKty3RSV9o",29999
"18cwQ6G6SEn18vBqAppNWx4BhVWnnNezSK",50000
"1D1UDsTue5fTF9HHUW2XXpobyxVXzLA1Gi",33600
"1Pf1xDwoFej8pxeeerge34aPRpdosMHVv8",38600
"187N5JPgxTKnULC2cj96CmMgGzf1DcLgjn",34400
"176VRB6nUvpXtHpZkyVT9fe4qAZ9D9tZkf",32699
"1K3kuJ1Ad2bpyZcennGXQHBULwdKoaymt1",38900
"17HFymqbfMd4t6czYzCkNcZ5Aw8tv1B9fR",34200
"1EiZ93jWMaCYt12TWCESyrdJWw3P6hXxN9",30899
"1MgD4JN2gDruHsfmmZyZByoKxghyKDddCf",55700
"1CYAuoeGyY2bR4cJDg1bxiQQfdtcVZgN2W",32600
"1KQ52TRUKWVmMopMYMEEUqNnAWsVuVXpyK",48800
"16N6dnAnvguTWRzxWQFaDscKRqbakgAoGB",106400
"1NHa62mw9AVE1ZYpcmN6eHmroLiZzpQyrV",31400
"1Q8kBcsxeiprVWUhbEMP6WgyWxzrziaktg",55500
"17XJvJonczjwp8jR5p3yE9Uw2v7n6G3gbr",30500
"1LK3YvwH3yeQugF4fh5UidahZReWDcFMHR",31100
"17JutdWiFSVLgCm2sdDkpz7MNNwCzeEjtU",227900
"12Wr3wPUwhvwwLttNyJwS7yrrqzd72NVxm",34200
"15ghwrwn5Ep6mBy4JRHknYxTtQdTv1hA2D",34500
"19kuPf3gSAfzBMXeMXZ7jpv9tqsrbPddoU",32800
"1BWMH3Qvp1tMZ9tnG2siiRmz2NKHqUsxDZ",51600
"1AUsHibyxiMyNQtn3ewwkX3BV7nxL6xc7E",29999
"1JWUaTJbi2AGzXRmbxAoBkZ3Dqzm2R6pMY",34200
"1ZsYAaUXMEqpHjRoiHewbf2HGkhsZz2Ju",31100
"1E3LqQbPrnHkhZLPEpus81mZJtZc9Efaut",36900
"1BxaYtYg3YQRQQ5rfJp3MF1qyiNFDUVaAs",34300
"16zCe7r1FhiSYRapUNYraHWEaeBV6ByHkc",38400
"1G3WUSzjWpLzXHYVu8FbAXzuZ79CQwWSZC",220200
"1FdHFHcQqhJacnXPSz8RjVX5L5D3a1yfVa",39000
"1A7MmkGME4YB4ZKjY3BnVQqrP9jN1vJjgT",10000000
"1LFAygp3Rck6Rxgig4cnBSGjBLgNVukfpa",90000
"175ySWZCWoopKacMsDyaMVVn7YuREM7vij",40000
"1LXm667vZoyZUdsJW5ooujwcy6BZDAX7BP",67797
"12sFPj1PJG3VZPXa4K1ex6Yp7NFFn8QKUC",1000000000
"1H4P3kgXAj6VqDVUa5JSd68AvmfVdNRWsL",941442
"19imeczwiKeB98156YujyiWke3uLnHHJnZ",100992
"13oiVFixWWtwfxPqmN6cp5FV5xxL8cHAJY",10000
"1Exf16R5k7tkqZbW7WsrSa6MyGfJXthim4",100000000
"15UeGDwaDtZcjukQNM5sEgn7K1uUWf3kSY",30000
"1H4P3kgXAj6VqDVUa5JSd68AvmfVdNRWsL",941442
"19rMD9WNQ5vr77XVjCsSxNjU15BDzm1Xg6",77821
"17r559pUjJHz3pLFtEyapMFU8abXZBXx9H",261923
"1XKpmPkPpD1CKELTXEZUan54aH2Le8cHK",202480000
"1LzF8EKeFRuZYaxjt5VrWojCs3pSXH6KLG",1000000
"16rQFtDHECsZKGDaL3yX4FCCataBc9Nc8a",35104800
"1FKioweotfJkqUSfR8d1gKjPZ47XG1r3XH",28083840
"1PSRqrPhBwetzf7xtWtdKt7jkJeacKxSSr",10000000
"1Pz3KjruCPjWWt5eEUD6X9qqxSfRrg1aC8",8256033
"1HBJBSfDf1CNWdpUTX9JUwco3RquLvnSEq",5883
"17zGrmiBqETp2uPusNGMehkNYHwGYH7Swy",13228400
"1JghCRVq15ZioFLoKV7QuMRw5vH8srqgrq",1599284
"1GekHzW5sp7p7QLGZR6BXPw66Pax9EQqJD",10000000
"17fRpEfHfEL5Nq5iruLwPBYw75TnV2w8dc",46864
"1FaRoqKxxPpPuTM9m1g6CJJcFVQgSNfCCz",2368000000
"13k3zoSxf9FHKkkrgacAmsH8Ccg2R4Pb1q",2368000000
"15NDp12ybZiwDEAtwRrq28jWR96ounQkfR",2368000000
"1JHrqYE27G1hMdk1REwkSsF1bUa28wyz3d",50000
"13YMQqqeajv7vPzypSSy2UHv2kmiG8BFd3",8660
"17DbVWFjr8hPs1AHpcyY5sWg7EGd99254R",10000
"15YzEgeCDPfArvZyKFGyF5uw1ioT9ej1qc",466417
"1GCwFx8uiJWBSCDE9ec9y3NXBHkndi54Uy",100000
"196HLB2SPP7672CExQLCZhbxnwYJG4WwhC",192579
"17StZE7zEzYaZPsgDBDYuDVHb8xb6WhhSv",1000000
"17kFYk5gNWkUGzUNHRMom3zSd2MTHbPkeL",2829834
"11HoYffrPW2HWWhicFt5h7b3wetUK5QUS",1081190
"1CaNTaafoNjFnsffL3ZW25CbSWdYrsNyoz",117112
"19QJ8yn8JPxfjemvxyxxfVon2cWdQo1pXK",93913
"1A2zZ9q77eQkZYXDmanCZKLjTrNGhFKFDm",100000000
"1BVXf5wBJwV1zAhbHVbhG9BXRZJB7vHiCo",1000044
"1AEy2p28ricZF6mGdYAzCEueyWVGufPhx4",1000000000
"1N3z8zWFEPmzzKnmPwBSfytcwpuSNhG5Xf",100000000
"1Dg61RKTaeN7D3bHwrNqPoWViVrxrTKscP",5000000000
"1G1RQQEEMeg5KoJjxiLja3r5vRDaXp8anw",110000000000
"1912GD9shwVdE6nSoGYaUhWukQ5iWUcqDJ",110000000000
"18znJtvvhEwJzod25Gbtsqa63txRgLjjez",36736
"1JY8ssA2obyN3PL4yAZ7XgTxyVZMPzNixV",50000
"1JEvam42Q1D3PGxb1H2gTnd8UpLbYhLNAo",151009
"14weEeREuQjvpW5CegS3RcX5BvwBTNZABg",300552099
"1GcR6ibKcDv4ikPePweiJW8CKk4WAaZK6W",13680
"15hoNfu422jFPDbRHn4So7eFfGLW7mR961",11760
"19gkoEnCgrPR1Cc5jzTjhUVWGbbKuRXnwL",13040
"15npajZG11pU935uA4tLdt4PoRiAaX56vn",17200
"1439jG2PJPU8oqVkghduFsiYfvLBJBNbT9",12560
"15i3euq2vVPbAmzbYaUrhVS1kRkHRdKb9x",21040
"1EADF8trgnFERaeTi56gv319pMpupkp8Ye",10750
"1BQQsWfC2fKmnV7wN3i1WDESZQkLp2GMkY",17920
"1GfKx2KsAdpV5k7AZkgL4xYwGptQ7L8RNu",17840
"1J7j8BpxXNgoPfEsM1rWit7MAxVmR81V14",12240
"1QHo5JLX72irgmkFMDKbtQVuqb2LbLY5km",15200
"1L2Pz9FW4pj9awJXKEJmpm3xtd4ZosHzXB",19680
"1LJXbtoKCmwDD8tM8LvdGBbcVBQ5nWLyd5",10080
"1MCVv4iqfeGpjsxRt6bVEHDmEWo2XSaVg1",13680
"13cbvc9UMNmGBfvRBtZfCrZPL3ckubRq2h",13520
"1Lhf49gTCyLYZChhejfVJLysR3MVY1cZcN",10180
"18L3eKkF2L53o5WZLAgRbUTFu3BdU48hp",10720
"1MZPkyGoPkFi8gznXHPmGMgDyMT6RKWe8f",14480
"13QM4NsLanCG1N2Q1hhD4sqwdeDgEHpz89",20640
"14oD8UUuDo64RnvRGPzXe7trGi387qE66i",10640
"1LLE18HyNkJffJmN6yonb9JHWh86CCCtqq",245057
"1Nq2eRAVe6PNQZ8cwSRF77E7AEywYbNFJN",990000
"1HxayyiE8SE89bVQoHuFwwx75ToP4gceBB",87229090
"1BAEW5AqF4XV6EMpmNYu9djBFhtxTqjFQN",512427347
"1AwK5paZaf5Z3zT3vZKa2Wgtq8aWzep6QG",45000000
"13xVyvGsvw6qTw5HCHRRDLEbcvfTsF7WrU",665606588
"1FZhgxzV6sWY2ehQbdmwe2WdkzdpXr1Tsg",544090000
"1Fdk5kPaxdpEiYjGosv6ruSXuaRRbCKA6G",7757290
"1EBnSPpmyU6gvwo5UY8qhWsESjBymhgwyK",1000000
"1LGxfBAR9o6eEAJ74kguD7oHyU5T6bkazG",1000000
"19d1SsVWfDo7RU3nWbYCvgnvnoRdW9kH9s",13516000
"18nkx4CrScskzhgUQK6Hs7VAhVtgmRw19Y",3699046
"1G6QsPFZyWo3hc1CgDBefkyaZnN6FG2t9y",10040160
"129YPuQAKdtSzsdvrMjeKTdcRKWNiPymFz",1367500
"1D736tQTp7hAiShU1UUuLez6unTp9DsRXJ",4007386
"1BDAggdp4MVsiRii2ej7dGasnU9Mz5hNDS",1055888
"1A9u3fgvMQoqTezWNwxswsUX879wCDQkaP",1124935
"1C3qsPDwbjZNCpjJSbUFD4UdqPMY6Hqdyu",1067706
"1LyruySLkhsmkkLQVXETGhpEVT65wn4a5w",5011249
"1HzcG4LFAfYKNWatN6CNSdPAiu1dr4gdWA",1020718
"1NaDiBe1eKb2jChJsPhj62Sp5UvADZZh8P",3980000
"19K656pVqZSW2yS2rhY3YtpVf65U3dqCuy",20000
"15SaZ9RQP2uq3V7xKz9YwaqzUE8e7vuGkj",450000
"1LBCEduVbaXUpXXC5dMV2ars9MPU9DyCJK",97828
"17871QXw38Bq4kZSuzCsLgkWNs9QoeJxG6",519948548
"1Aig4SMkeyX1LnWXiJXaLCUN5Fdyodbg2J",10000000
"1GgmnB2BSonMuqxpo9t8VKvTeiqXU6e7pC",15000
"14Zp8uEBBkGnHb5GRjGhfibxbqvqYHKW9m",2520000
"1PXCdVt9sNQSsK8GU7o5KqzykB4MRsLiG7",1000000
"13z1qF9SAdrFAQ2VUME4CXfZjwVsVuDvJV",1000000
"1DMK7AD6xfvpRcJZotUDwRbcqGCXjMuMBy",1000000
"12MgoizdPthFVp74NCtPxgVt2mydD58ve6",1000000
"18dKyymkhtiAf2LymZxCSypiix1izRjMRK",14778
"152Ji81cSHcJ61AcD2DFA54CoBGD6feYDb",16424540
"1F2g9xbUZjvaXtUEAK88vAi1ViJBKcLpyg",1200
"1KTZVvCocC4MDGL5pr4KJR18LgHqtgUanc",3
"1C2PJxFpVV8LFV3rsh9ohTYZCRScMnnuWs",1613
"16PiMYHagczwYePuEmEZNnR8gTgfPAJHFk",4
"16qujgeYMay75E3TnzYRP5L3x6iAVmAwn",3
"18MjktKzCJVUE7rfvTZSSCRd7wtCLB8nbg",900
"195RK2kUTiNGspe9k9KdVoK4ES3gNuos4G",2113
"1M9fdXKirajPHcPXTAJk7qnSy4hNJhGetY",404
"12AAmF7HZSPVhYdrq7tUFNLUNYRTof2RMm",303
"1FQG5U4uvXbkuEp63e7bEPNrSM7n3ivjqD",1015928
"1PpupUCtwMAJ23LofYK1xrnp3vMssTPpsh",17992335
"14mFtKErurfTSMoShRnqEqjePSDaZaqcrC",18005420
"16pcddk8c6MFKyQvL2NvuWEguGw1R8B3VL",19340072
"1D5bcwsAvw8nNb66Pu2nw9BZyfg6kkUtUx",20712816
"1HV1kSRouXcCpvFwoTTzwRkS4rjvYs6uTV",20851752
"1Kcg7cHptLMu6CoFh8mNVYbnhAcB32Tse3",21240300
"19uDSUMFAsRo9fJSB6vYAzHogVphgR9Cq9",21532338
"1Guj5dRbPaMi77xLyf8oKJkspbXKRxWdMw",21804703
"1CexmFvpk3kBKza2Vu53KrFiNPcEPSXui3",15000
"14C9rjAiTBJcfi8f8MfYB1GcwN9sJnvv4h",1000000
"1FoFCzKz3JFuJoGwxNtXNb7Ht8RPvLYiRu",1000000
"1dice1e6pdhLzzWQq7yMidf6j8eAg7pkY",5000
"12Sz1yjHkbM4QXFbd32staHs3czgYTF64e",5600
"1Mrg4rq6bwnZhUaw1CPzERbqmKnCdDNhga",8030
"1AvuQDR9zafzAdjMxj7w9YmF7axSZ2xJDw",449700
"1CThD9VuQHhrsnYNrS4akmjvKdnZiZynji",490000
"1G7F5B75J5HQGYGF5BGABV22pHFr2D4Q3m",550000
"1Fx9pTh5MwjbNSzBAjiimrpRmmVnm8PS1W",6000
"1EXoDusjGwvnjZUyKkxZ4UHEf77z6A5S4P",6000
"1AAVPWMJ9FL7EtiTGZYpaAtaawJ22piubc",429685
"1M6aPZZteNoNm5yfNV8jw9JsYzcUSZ7yyx",173699
"1MZgGJEBs2nP2sSpeDbdgSyB2Ys8EYxsf7",2000000
"12nCzMXNPxfu51BsSFCeJxfUvWqbT8PevL",990000
"1MX2yh4YSGbptnwu4ggM3WkutZhmUWNTh3",50000
"1GH9DMby4hsfxxy6eFKwaMMeZxW43n8wQF",475572777
"14FovEjHtDUXGiTe4UAfwaD1XT5rxVwup2",103097
"1L6aJ55GiRBSMzzbHr9LM2tu9o8VgQ4Ecf",4079357
"1JqdadgxgxrnbEnfvohxtaSNbHt52kVLtC",68278575
"1E14dgYZmfMVS2jbSGGFAcbM1xpzuwFFRd",90000
"1Q1X3G4E2nTLofp6kJ7A5avFm8Wvbiwc1k",3058844
"1DctGX6RQnNyzPDbf8a9kMwxmjncwtawnE",1050000
"1Jtn1LpeLfepWWty1G6dh4P5wfi2AZeRRy",1050000
"1FXW8NNBAZ4CEVH3kayPWZVLCpkwfWxFJE",1050000
"1631gQnftsGxbGDB3LfUVCa2hvFUDmeJVZ",1050000
"1HsxrPKFT3FjqBjfNfsdMaNMK5kyvnAaTN",1050000
"1FjYLbnZPMQC1SvoZoPh1jpM7YwUzoKbxu",1050000
"1ECZh3VHGYEkGGHjBn6CnzS9ZaVVWyrFbV",1050000
"1H6ugFscdDrCV5LTo8ACur1tjbVeRik8Ew",1050000
"15Xpxg4UqvJzqPgx8TK1WBDTiLdJWRLuaN",1050000
"1FscMLKWzsHeUvqwtJtu1roMGcAzGC2Z7z",1050000
"1D1SaSa5PuDUibpnHkuSQBnSZ2dAV3Nyeu",1050000
"1JjDP5EwbbPgmSXLyByZ1towuQi5v7Qc1J",22960
"13LXmg8oaQD1TMeev87LFW6oqGcEtEDeWf",19280
"1KyyYhXjDm3KHurQWHnnXKJwMBBTTQ6omS",12080
"16KomkX3iWwgw9r4JtZFYweQ9wU6ZvBi2w",10720
"1P9iePNA2EVTyEzvoMEuyMja8h6RxmMPDT",10040
"16vcNhWRQYR89CsTEtQ1yR1X3T2ep8mZaf",16960
"1Cu6X3c716CCKU3Bi2jfHv8kZ2QCor8uXm",10400
"1PQ85aR9wqzcfTV2BcBABzLBK2nvNfNmER",20800
"1EGgmzcr7KKpasNAPUPkHT6UkNS7d9iiPA",16900
"1FFSuxUKZ5C35dpDF5CF2jkKBdQPiZd5py",12720
"1ELKe5yxnRWB7NA81JZKJjq3A4q9QiQE4X",17920
"1wsXBMidsy4VMjWFNcvrrEzKf7YeaFEbk",16320
"1GfUy14Xbsi4KdRpA2aWFr9MwgyGjMDn4Z",12480
"1NSC2gL5eNgARoWVdMvM3F9HUnM3u5WVDV",14560
"1EzUiw8VRGKhq5fV1mJGebZXiK2zEiU9uH",12320
"1GRf7kuug4SkxCdxiBiCpCcPNTsuxWvKVo",14640
"1JFRbewHmbTErfeHsSrhskRY5cfohbPHZM",11750
"18dUTfR5pwuMQT7yu1sFbDFrBAFPrYuLAD",11370
"1Aj6dyoddThtW7veF3CQ1UcCeqySpCvrew",17200
"1CEc4AH2i8uvWkHxeFgo1R6f4p1NcArnYY",17798
"1FESQGLiMhCcTv3Xa7cjajSPGmqog7Rm7X",16430
"15hFjSMadbWpWMzjW8MMsDBKvWXEv5FcrQ",22421
"1CEc4AH2i8uvWkHxeFgo1R6f4p1NcArnYY",26686
"1Hkfz7i4FPKhCAXEMxbBRL8115ugQpqYYm",10000
"1J3f7utyRB1TBgEoVUcJ9ANbUpeGkG8tHx",900000
"1CoH2ej5PNityWd3dhL6rmKiWQN3RQvzzY",1050000
"15hmLKhJwZ1rSkT5R93Z3KMzXhGhMuqWUe",1050000
"1Nyx4tzAsrC2y31arrd96kBt2VFYLUxYkQ",1050000
"14qosJUFwEXSmF7y8gP1yGy22HNjVkEUyN",1050000
"1GqEMYaS4w3i9f4izxAB45c43ygDx8EzTx",1050000
"1AmN88n2ox2cNMU6QEfxp26f58epUT3CNU",1050000
"17Yw8BwMhNsHH1oR18cAPZ3H9sk1Jukumv",1050000
"1FNrW7uzszPRWMSvtaNK7HR6nb7rihUVva",1050000
"1Mu8ueNvuykLpMF6B5nAkF2bWwob5qCbFZ",1050000
"1NrP1WTRD4SYKomix194modWf87eeEGrYf",1050000
"1L4VkDVkcz1VWdeLxarVPBoLACeLHbztJc",90000
"1NS3bAwnP41MgimSnM1Skjy3Xg7bFe7PGh",7427000
"1APrnj4ZbSBiwrzGdV3GSa3nKhqXz1nbjb",4719000
"165SjhDgQdyS3DE7LkSDr78QZwe2JipMFg",555930
"1NS3bAwnP41MgimSnM1Skjy3Xg7bFe7PGh",1348000
"19F5BHASe6i5usrJjxP961VkJBZFPwns79",90000
"1F2g9xbUZjvaXtUEAK88vAi1ViJBKcLpyg",1200
"1C2PJxFpVV8LFV3rsh9ohTYZCRScMnnuWs",1613
"15epbtG8reKd9d1anoNvyFVYCYLtb5WnA4",12
"16qujgeYMay75E3TnzYRP5L3x6iAVmAwn",3
"18MjktKzCJVUE7rfvTZSSCRd7wtCLB8nbg",900
"195RK2kUTiNGspe9k9KdVoK4ES3gNuos4G",2113
"1M9fdXKirajPHcPXTAJk7qnSy4hNJhGetY",404
"12AAmF7HZSPVhYdrq7tUFNLUNYRTof2RMm",303
"1F2g9xbUZjvaXtUEAK88vAi1ViJBKcLpyg",1200
"1C2PJxFpVV8LFV3rsh9ohTYZCRScMnnuWs",1613
"15epbtG8reKd9d1anoNvyFVYCYLtb5WnA4",12
"16qujgeYMay75E3TnzYRP5L3x6iAVmAwn",3
"18MjktKzCJVUE7rfvTZSSCRd7wtCLB8nbg",900
"195RK2kUTiNGspe9k9KdVoK4ES3gNuos4G",2113
"1M9fdXKirajPHcPXTAJk7qnSy4hNJhGetY",404
"12AAmF7HZSPVhYdrq7tUFNLUNYRTof2RMm",303
"12Sz1yjHkbM4QXFbd32staHs3czgYTF64e",2400
"1F7ycgFEQEHe7vueqTMVZBZvA7SUP2A1ES",100000000
"18ipS2Q6Cf67DWXdrzVUUKZeqC3vvcuLCX",40000
"1GzaTvFHwnE8DjS5x2E1ochJznEy6L8brV",500000
"1FVyvZ6NhUXX2WYohbvHbLVLpyJsGNUmPx",100000000
"1Aq6hRL16ZkZzBxswVA8TPEDmgjNskw7k1",150000
"1JhXammn2WodCGndrHiB4Dd4oZRpX8jAie",4949396
"1MMVSKfLmgXxkfagmikpUS4ujUC8KAox1N",1000000
"1GzZMGxSAKNEaXvKYSmCQ2oXsBgRJSNCy6",40000
"1PMZfj5p3i2Cqch8xtjJnrsHzvffWReScs",5460
"1PMZfj5p3i2Cqch8xtjJnrsHzvffWReScs",5460
"12Sz1yjHkbM4QXFbd32staHs3czgYTF64e",1292
"1vGTu2jzFagxzBCGX4hsCrtm91fLkjXUt",100000
"1F2g9xbUZjvaXtUEAK88vAi1ViJBKcLpyg",1200
"1C2PJxFpVV8LFV3rsh9ohTYZCRScMnnuWs",1613
"16PiMYHagczwYePuEmEZNnR8gTgfPAJHFk",4
"16qujgeYMay75E3TnzYRP5L3x6iAVmAwn",3
"18MjktKzCJVUE7rfvTZSSCRd7wtCLB8nbg",900
"195RK2kUTiNGspe9k9KdVoK4ES3gNuos4G",2113
"1M9fdXKirajPHcPXTAJk7qnSy4hNJhGetY",404
"12AAmF7HZSPVhYdrq7tUFNLUNYRTof2RMm",303
"1FG4npLH1Y8HnYXk6Y8rYikhsE2awL1xWW",395290
"137TjQ6MooVezdtTmV4iVcYS2KtAxw2xSM",5000000
"1Pm9Go46dSNM7fJiHGm6oVqXLHVDRBioZ6",5000000
"1KTPuBSP95ih1tZzWkeAmbRJW5QrKAyRk4",11010
"1AmkJTm42yBWm5vMMfisUJXfV12qyw3qit",10545
"1FGDk8KjefJJroXQfvXz8vFvRNfJGjXbYS",12203
"148LhjDo7HyrG2Yy7JtCgyJgdLMtsJaqBf",10259
"1LYrfZ4fdp5S1RxRS58JxgQ4wGjg14rmwh",24342
"13rWrTxxiNkSgKfo7y8x6vPwcsuBqEzMp2",10174
"1CEc4AH2i8uvWkHxeFgo1R6f4p1NcArnYY",12988
"19WmatsUV3vpbqzYvbpZNEJiz5U1s2MfvM",10285
"1Bmr7ftWVqF7PHKL7utEqz3U5JyHPSqd2q",6770000
"1FropzRzB5DjbWgQw739vXxGQ2tJ896z8A",80000
"172mWvLbp2iVBC2QjKUBukVqCuV3r2n5VL",10000
"1Hd5Kojs8M6MEQmsuDLeAmThdPXSybRZvX",2000000
"1P7VYcnSCFZLPuYWJyhEZTY9BB7qxYVyZW",1000000
"1KQhhsixLPHjZprrbsNKpgSE6ETdZLR6q6",50000
"16eSU3HhD7S1M3sbMqiwpXLYWymQtNVNDr",66129
"1KrwBoWmEvL3ErNRQq8nG5yxdibzk6cDny",910774
"15tgHKJAyCj9hhJGgNqdXWBSTkv5Krfpwp",1180000
"1J7pdW7CvPujCrxe3zJ8u2nzPGFrEvTzF3",259554
"1F2g9xbUZjvaXtUEAK88vAi1ViJBKcLpyg",1200
"1KTZVvCocC4MDGL5pr4KJR18LgHqtgUanc",3
"1C2PJxFpVV8LFV3rsh9ohTYZCRScMnnuWs",1613
"16qujgeYMay75E3TnzYRP5L3x6iAVmAwn",3
"18MjktKzCJVUE7rfvTZSSCRd7wtCLB8nbg",900
"195RK2kUTiNGspe9k9KdVoK4ES3gNuos4G",2113
"1M9fdXKirajPHcPXTAJk7qnSy4hNJhGetY",404
"12AAmF7HZSPVhYdrq7tUFNLUNYRTof2RMm",303
"18bU2xrgKGL5YQkPpX6g3fBSGXVVk33uWx",1000000
"1CwRo1NuwmkEwvPhzrtpJD5i4MVQYwEEid",50000000
"1LqyRwSxsDhNycwp2HiWZ7K8HazRYhuqBt",50000000
"1JhWQQK2nkukh7uG6LtxQ9aHiZkmGpmrFz",50000000
"1Jc5SGL3vYP7x1hfKG9xZ5e8hAFrafQQaG",40000000
"1HXBzDTHEZN4kuWC9eS6aD4ucFzxKK7o8e",40000
"1N5ngr99pgWD25BAQe3QW34BGYuFnGf39t",100722
"1EG2UVGN4s22gzWNRRw9YihEWpWxnKJTzZ",1000000
"15qgKu1rnyDpZWDiYuYJLD9PiP2y2sfRPc",90000
"17QKuvkCqhYMnboMkSSjjqNVDhp7Yxyh9m",1000000
"1JMV1ACAA6ty5LgtdFvgRvzcFy4twLgSH",100000
"1bXsuf3XDRawVX6VKsxaKcwPt5MFPFJaJ",20843
"1FMHs4Csqwt2sReZmpeWsEgWUNERWnc57z",150000
"14WAAFmRaLrMf2Xm3aHacThNiQzuGrSW1s",4619104
"1KHfsoEydMgLokYMgmCm3d5xgxsBcoG73y",40000
"13PdpDSFCb1LVczXHwMGBSdJ47QNtjQDjA",170000
"12DPDGD7CMWrhVynF4KW9KgqksugycbyJd",500000
"1C3CpCdbTGZdqBRbBXLqBgfD3yYpabFEfW",2360000
"19BLKKyRcjx4k8N8FXwJx1ZTkUafP7KThL",83750000
"12Sz1yjHkbM4QXFbd32staHs3czgYTF64e",400
"1LYrfZ4fdp5S1RxRS58JxgQ4wGjg14rmwh",18800
"1MSJ4ByGhS6HFT9Dqm9F8VtExvKHV273ES",11780
"19Cs15NWgAGEVpaFzVpBnPRnV5zAgTC3BW",14960
"1JwLFUk2QYjkKxWgDnNfLLkKEKAX9NZWYP",12400
"177TY2QM6Yeaqy4mu66ojDTBEF2Nnj5KRj",14720
"1CFzhRKVQfb9dLpqUgf1KWhahcMkk1e7rq",19440
"1Q8kxtWP4DNDdjH4uSw89aRJP4sqTy8nt8",11280
"16h3yqnayF7GzotiFsd2Ah1SaxY3QPs5wE",17380
"1MzdL1HcxVMoEjNHd59BtxAJF4ixVw7ZGB",17840
"1H5oCNsujTBuDFqwsYDnW7RwAG53AkhPXp",13840
"1AVQZMTpiGkY6pNENmP8VGigtqZej5Y7YT",15440
"1PVDG9bpLkxVPRctLSn55x4tMCUVsZXyJG",366554
"1B4XgrCn8ztW4AZqeMfEaJqHgbcrQR1fHG",87726
"1eHXMTXpxK3JXHTwudtSGZbfWLRJs94jM",4600590
"1AxGfjqv2VrtF47sgE3GefdmqLcqDVsYsh",50000000
"1NhB13ttZWJ14ytw75P6WmJfmEV1Y6UT7Q",100000000
"1B7VxVzib2Qcv2UpDZoVQC3txFHixsTd3z",10000000
"1NQ5S3eHbUv8sTL2dAmENgL1HsuRA5zUmK",13820000
"1DwBpPKeD62kcLtfa9RBg83YwsZck2Fc8q",7597
"1GT7jjvPD3CqvRjckinDuedXW9aJtteDtQ",20151360
"1DaKTuRQVzore18TDEmceANfWopYPbJBMH",1001248
"1DVLNHpcoAso6rvisCnVQbCFN8dRir1GVQ",1048864
"1EpgrHGD1Mf27vvrvbuQD2fn9LXCeDahWg",100073683
"13nJfTiANAJtxVib2UDBMDGxSxaptNevRn",1132887
"193ooXKXAC4kA8FUKG2LSJ2F9Ds2ypdaEz",1179361
"1KfKfKmHRZccsvsc28sfmkBLV1jV7mfeVz",1018972
"197kuzPxqaNyPJ2DapxRoELr5dBtBbyB4i",1002097
"12GMRNw2Qx9YeDnEKnTYNPMhq6qBoDmAMn",1073713
"1DMEM7tWfEb89p1i6yciCzRzgjhGXRicTQ",2527473
"1HqBTu9oTfAE59wD4dck7PtirsEte9aGh4",1084062
"167k4Etqo2Me8o3bSjVEEyE3i3nP17zXkD",820000
"12v1866obQaiQiLQVyfgCjJdHP1665LBSX",11850
"13EjSyHa7C5h6rieVNEbT617X1u5uz7RCj",14820
"1fVZ7NeGABCSiomMTJAKLsVw8uxuWE6MG",44925
"1FSmYXXYP8JNSBpY4CLxhTbXgzwGKT9jeu",31250
"1ARbiCr5DQ7AQLfWVUh6b2uco95Tj5w4nH",6000
"15bX3qWdQXXtVGQki5tqiY2S1LSsGjdxjb",14490
"15ZfK9ugyLrWBywfbP1uC2XLXwKpcXLMLG",9500
"1NRNYQr6WZXFyAsMz5pyieLnLN6goK8sCR",35750
"162ssfJ3VUpz2k5ThCbCt8HgyfSPUYP942",8500
"1LuMuJVT2KGMzng7XGbEeTpHFjAqtzrpeN",9500
"15krAFGT7oVN7i1a6rwPmcF22V46agso5e",6000
"1uyCHMK3DydjPh25VHuCfmMSE9jQNd2NY",8000
"1LFHat2C7RwmixYbPXpXFc4NoreSzKL8Sc",14755
"1JozefPTC9GF73wWKbMJxpgpAYWdVtZ1ji",12000
"1Cesp3r8ZuMDaigXnmaR3DWAZNCpL2ebqQ",14750
"1HCeSniPEJF11QjJtLGZ6UnLJfHpHmzuJs",14250
"148LhjDo7HyrG2Yy7JtCgyJgdLMtsJaqBf",5540
"13vezb9PDXX769dEfCX7wgFmipygWyBLB4",14250
"1GwENdEQSRuHjpvVSbrL5jJF9AJGmQsmYZ",10500
"1DRtDyF5hXqUw2jVYUqpDNd9HsK1GUcgr",18750
"1MtA1L4JWK1HGLyNme2fqqXNPCvrKDRM99",6000
"1KZ1Qm4DjW7iEJbZZMmN7yKp8GppKLuYYq",6000
"1MEXJpbWHbzM2DGsg5fCrsEX3Yx8bBugth",17750
"1AYHBijfmVe2MzRniyDibPPB4ESnk7W7Ji",9555
"1KYEgQweLyU3ByWcgSSwoVKBqM3aYYknGW",12500
"1HTSQZrGA4nTTEfkNwuGtf4cn7LS8R1ngo",21000
"1AaEsRKXfhssJ99uzDB3PEM1E9JDi6qV7k",9250
"1FBx5S6k3qrevJU2vUaYX4oT2eNWY3cnVs",5750
"1LKrVYCwfmZQ649Jj5piBLiL8EiU5tRKtR",5750
"1LkeEttzRPYjoWwNo3rPsvPXq1fTpYKqLo",10530
"1GmjJgu34CASsuQk2hCQT6thdco5frjR4m",40510
"16i3MmV9JgdNEGdEpVQEyHocoMStH5XYte",6499
"13LijGvToGqgQEVzAnt4wgTGKtpG2uKuEu",8000
"1C2PJxFpVV8LFV3rsh9ohTYZCRScMnnuWs",60750
"1CBJwFAefA1X9RuZKbSteC9xwZBuRv3X1p",13200
"18QmrX5RU2XaTJoq43qm2tWEk61QhqzrT3",10250
"1M9fdXKirajPHcPXTAJk7qnSy4hNJhGetY",17750
"1F9hyyZygMMrujSdrrM4znAp9CBqxMq2Uy",23750
"16yXZBeh2Cz5jJMufn17ipuBnZrsdfPpdL",11295
"1BWGtCFzFC5WuHZzhB3BATPPaeVUF1ydWR",9000
"1Aj6dyoddThtW7veF3CQ1UcCeqySpCvrew",38460
"1DZtb85D7oPp7FFn8RihHzRkLZZb24UW1Z",21250
"19Vgf3iHp8N27DseU6dYJ9ebgSyeBZkojB",16510
"19ckqo1fFMWmuqHbDJV2pb8sERFdFFxa27",10225
"1CLmwo5NrqPWKsPVvr2rzVbVNrXNvcMkh2",9500
"1GXAbt6oKJG4np2hrD5q7cqmSrTDQZ4xua",5500
"16N6dnAnvguTWRzxWQFaDscKRqbakgAoGB",17500
"1HZbjDcMiZ1oxnxNDAGTssnhBLJNNGeBSZ",39750
"169EE9ifi8b9FXqimwEYkKDs88CiNxPhkM",13500
"12PAcwisBJYWH6EDMMyBtZqpNKty3RSV9o",12000
"19gip8f81kak1XDWw1PuSTF8PeZui9YcXW",5750
"1P1kJQJLXwJMU9DmLFtmFrfbzjAdD4c39R",7015
"171S51BqoopTc1SFh2Xkg91EJKxwbMMHwv",18000
"1Ezu2mCwP1zD7KsdHsCATkfMB312EvkGxX",9500
"1DhSC1e1FtGNcFPWAYk2QhLDKQv52NsrQN",7499
"15XkKdT5HcqDbukM5FSWAdCfgRNoxUduMA",6999
"1MDWFxXtVAUryF8SeYbxhvWVh4qTRtE7qU",14250
"1KPAfmwrngSi6ybsqwwjDLu8DKwLzP3h33",5750
"113XByyrN3KrLFS2NHpAS9dxFidZJPGY5t",19500
"166xt25frJZyDYwdKsfsPnYBJ1BLMN9aRa",9755
"1EMPgxXduTCpbD6AR3mQTiXUx5fpnjXgsL",8000
"14uVJ8PSAn2EVDPFAN4WZRXuHR5YiQC4iZ",8000
"1HyC54UUtkYMUQyGz16BSwmAVXS8r4ukJG",6250
"1Mq2UHHKicXgcDCZqoXsgLJtGxjuk9VK7y",5500
"1JWUaTJbi2AGzXRmbxAoBkZ3Dqzm2R6pMY",33740
"16L7PTC9fHuaHrrVho23EGUZzaZZwoYgqt",13250
"181nyYgpBhkNktT1yDJXcAiBNPAehwZpnB",28500
"12w4WE2YrwUHirKMgGdDasJSs6VTKJ1LTg",5550
"15Q4ojydtq3hxpVpiN3WFfTe95fg9yAWKS",20000
"18j8sajDyTa1TjVnWtqn2KhsxZ88ijxNQ6",10285
"1AvmmQzUutkNfGudD5y9bzbhjnwddnMkg1",8500
"1MRcozhz7PJF6Szc1zBj7Nj1Aai3TD2UBh",9500
"1D9t6L9cmFiVC7m269viXnRi12yDrXZzAv",6000
"1KsmKW7DaYgcQZmM4qtT6a2FyuUdhCHNpX",13750
"14FwxJsy4vEMMe8YePaHsfn57PQkJx4nR2",14250
"1NCzRvfgLUr8hENt1HKiszgR1t8Xu4JMkk",9750
"1HDRiNFgxfW9shRgKbuggxV2iFDwqAdacv",6000
"1HWRThsgXUBT3DpmWbcqwc2YytjDdSScdG",9010
"13xm2mFZYB4RUiMP1FRpUGL5p6XKui4v55",5500
"1F7BUmg65kZzjoh9Ajw5nb2E9scfwpRjjP",12875
"13EcTkhtrGUtQah78KF2HSVPfEiaJtj9Zs",8000
"1FESQGLiMhCcTv3Xa7cjajSPGmqog7Rm7X",12000
"1CZHjQtVfmQXjh8sKY3vio17stKznX2eH5",12750
"1FxTwob4KPtXKm67dC44EQEFS9S5kGMTyV",47240
"1AdTQGZM2CyjJfvdrR2bwjBUwkB7nctXoE",5680
"12yCYg7aP8AGDyXjsKrr9rVfgrcejH3YYB",12000
"1KLZG1KAhSmXx2W2k675WsXCnjXc9tGAwN",6060
"18kijXxtFFZXJxm22z4kg1coxKY5vrd7KY",12000
"1Hot4be3ZZnkUjsr6E4fYW8a1SMmVkBd9m",8000
"14fST59Ny9VBBtFxFF1i1C5WApPwTd5iDs",9735
"1Q5pK3w5VQQ9j9KW6Uv27z4xbPiAKoFPqe",6999
"18Q6GBicPQuZK6Uz2z5MbX7fjZvcpo2F54",6000
"12ctb99gbBoNs7FPPMaFK6RNg9EwG1kkZF",10000
"162GEH1juyKVFdoAstRuXaKe5sc4tYHMby",58500
"1Ax9mv4vQbJmad3XLmXW9LvPoEM2Mzxmxa",9500
"1JdiRRPgqKiLscA6FsZeEi4ACSoGth7DKo",6499
"1M5Zb6b62yPYRR3J9LKJ5Gf6uaLNi6rGxL",8500
"1Mp8MfdkKJ7YDq4MhpPZBnEYj3RzybLuCc",8250
"1C8az5NHBA9ravBPR2SRU5C2PwntF1kaYk",10800
"1EzTAjpEWaBJt4WUvVebGayDoYtwkDfK2z",28750
"1JMcFi5hptnVDUMV7H7RqGCS3UfcfmktLH",5750
"12ovwC54ZW3kXRxYCJPZsN1NfRzTvUmovx",9500
"1GwBMxM2WQqQfhFRgw78doAw7NYVrTh8kA",23500
"16FDThLjVGiYG58SpdfH4AD7qjEeTacpGG",28784
"1NA5JFcmjrfcKposAM8HayzXra41ajQji4",8500
"14WhdH6MWNutZnLhMJwvAQPo4p8MERNRS2",13920
"1KZ9oEHSCZ9772fsJXijmbNgjre6kKpJan",14999
"1253SV1iRhrH1iQ3ujFY7YxHd1PLUp66iS",12060
"1PKi9Rao6Dqs7a763nGPdo4123L9QYKudw",8000
"1AmkJTm42yBWm5vMMfisUJXfV12qyw3qit",18025
"12tCDGRzZj9w1ihStTQDjj1d8LRi2gnQM2",8000
"1HxQ4D6FABo6fd36iYcv3ksBK4kcwp6wmM",6999
"1N6wQRSxX9gZ6HBQBdLgsdqvNYm3LZrbNE",9065
"1GhuAZbNUH1YTAL3WLaaos23xH9QZqDrwN",9500
"1C6cE9npwhPP58rQZWWWcS474rabYx2cnM",9000
"1Ei7KFc3wXhvDrVSoFQfdRrGNQd6HHjL2a",9500
"19uFoazPiMVddgfswDsEL4y2WmimhdvvJ",29250
"18nSEuybsUvERGR7zZv1mtiqLYATXLQ5Jo",8000
"1JESzPCzgU9JzsTpbgP8QzsqhaFaNjKxaT",13250
"192zCWhEbxRHnU1v9dFEzkqdJRi2i77XQG",5955
"13hafbbYbA9cyehwwBweDANnntJa3TejaB",9500
"1EWzWb48dMCns3NGZmkAFuJhgvowFPRoWA",9500
"112KqVo2r1SjKXQMyNebCPm7y6QeJKtDHF",5500
"1DMb7BvyvdssdNGu1KUYGL89WWSQETw6Pm",6999
"19tjf4i8R1CwXQ5JjGx4MCrbWEqdqgnbeN",8750
"1Fr615TbhJkm7XyUstLZsCw6SvvVnTR54t",6999
"19QBWphPXHUrKk3cCucw3JxehVmap8wEgk",9735
"1CdcsqWVgS7EE5zkbxxVADfWpPJM5MxkvR",9500
"19PZ47Zq8Qudq9jfHftwdT9HtJZfwtrXCs",6999
"12xN5b37qTHk4aMzxiZ8M4rKjrSB7HZp5Y",5500
"1HiLeit3PgyrySxfRFgBkkS9nGQRWcSafY",1000000
"1596kBUA8p7hHHyKGcveNNfTNcTLfR7o4n",1000000
"1DqBF9X5BVzTZ59FCpBXW13mCdwzWMEQCN",2000000
"1G5JzfYjBSJrfgvC3hsKGtdfe1PQcvoPuq",3000000
"1966Me54tzQnCV5Dc3B6Kn3rJqfSQaY2Dy",1000000
"17Fie9eT2M3YqtuHW311CLL4qgSHCK2CcX",1000000
"1K2inhbzmqFfWgKrZ5Ffhdy3J4X8NHCXvv",1000000
"19DvMbk7mxPS9ttPkcAhdrvSak7x9yyx7A",1000000
"1Nu2TNGrP8sywFkg3bZSxgcVxwNJtrW8LV",2000000
"1QGZc7XMK1MBkC2V4sLXQoECaokgi23ypU",5000000
"13gTh2N5RNymV26QAkDvx2xa8uZxcEmRdE",121153
"17pewd2CLHAPrL1hYBR5kXwJFMppHrRzQX",13846
"1NwyMvnsJxtwriSR4DiDGXyD7bE9CtLcBK",9372
"1JLnTTURhvLNnuCv8GBC47dzUSW4o8X1KW",10629
"1FPy1AoitzH44EvGvgUG8eMqgHSr42Nnze",150000
"19DtKi3ntNs3K86EethqNcCLaqsRy8icTQ",42922
"15yiXJ2UheQEQtH4A3YMZifvnA42FgdqF7",990000
"1HqLx8f8A8WB3sJGB5Aam8yMSFFQtszB4Y",666511
"1AdMQrEym8aa4u6htFEA8unRFLkKR4qQC4",2650000
"1KWX9JmrjWPXLzygKH6MP6TmpbYTd16fc1",40000
"1ENaKPtkMdGMP1ohH2HMp4gybHwVzJ88op",5000
"19TFxX33VQtwDcdpNoLpzQkcRceoJP6sey",1894881
"1F2g9xbUZjvaXtUEAK88vAi1ViJBKcLpyg",1200
"1C2PJxFpVV8LFV3rsh9ohTYZCRScMnnuWs",1613
"15epbtG8reKd9d1anoNvyFVYCYLtb5WnA4",12
"16PiMYHagczwYePuEmEZNnR8gTgfPAJHFk",4
"16qujgeYMay75E3TnzYRP5L3x6iAVmAwn",3
"18MjktKzCJVUE7rfvTZSSCRd7wtCLB8nbg",900
"195RK2kUTiNGspe9k9KdVoK4ES3gNuos4G",2113
"1M9fdXKirajPHcPXTAJk7qnSy4hNJhGetY",404
"12AAmF7HZSPVhYdrq7tUFNLUNYRTof2RMm",303
"1F2g9xbUZjvaXtUEAK88vAi1ViJBKcLpyg",1200
"1C2PJxFpVV8LFV3rsh9ohTYZCRScMnnuWs",1613
"16PiMYHagczwYePuEmEZNnR8gTgfPAJHFk",4
"16qujgeYMay75E3TnzYRP5L3x6iAVmAwn",3
"18MjktKzCJVUE7rfvTZSSCRd7wtCLB8nbg",900
"195RK2kUTiNGspe9k9KdVoK4ES3gNuos4G",2113
"1M9fdXKirajPHcPXTAJk7qnSy4hNJhGetY",404
"12AAmF7HZSPVhYdrq7tUFNLUNYRTof2RMm",303
"16nhCRUD1QzVEtpqDD7RB9o4tm8QREpvdK",88582
"1GgKgNCTe87LET5c5sf6bG3B4iWw6eaXZ4",1000000
"1LtvYLXinsoih8gk2eKZFffq6FMHBhtmDm",900000
"1HXijkTviZpmjRF11PDSvGJ9sJfTBTj3x1",48240
"16SDjihDB1FHpxKS3VwwzeG7nu9CikcRM1",85478
"1LcwmPW85wwz1e1FZwmEBe6KGsixpgxeB",108904
"1Enov2dAfEEtymvZM13Gqxrb8FTxDDHUyV",77178
"1FZhgxzV6sWY2ehQbdmwe2WdkzdpXr1Tsg",500000000
"1MZmKLfgDSRdBQYCdc6JVspj6zZ2s7wRtk",2000000
"1PqP6yZbYCh196fQGQciNA2E9p1ArB6bqJ",2000000
"1AYwVjQmTi147gsYVYYGHSXCjkfHyTEFR1",19861032
"1441v3Y1NYx4rCi6kRwfyYW4XAhsGfpTKG",25543785
"1Esb7qfqsuYZGUQHLfj5VFyd7dSw8SD7cC",27288680
"13yCbW4rrivTKKaBQf4KgHDHDbCvv6cAn1",880
"1KmcsmeM83Q6gRyBDhMXvqUaK6GSKEcmoh",500000
"14D1HryU9Je6zDe2jLiY788tXXRGoMumRc",20000
"1EG7k9YfhohLysdRR4dTFyyNyteZSEyEWc",77327
"12P7WrMBFTCu8xBdDD3dwNMDzU4c7HmJ2i",50000000
"14bqu5me857HUUzu5NSNet8FmNKhGMkjik",77327
"1Ecpnp1ShKFEjg28eSzP2wS7ZYtEY85V3J",100000
"1MYk2Ks4gcmFkLq7zsWjFYoArEYhph9hY",77327
"14bqu5me857HUUzu5NSNet8FmNKhGMkjik",77178
"1LmpMkEzZm3PGSA5cAExmyrnvCDJMcULBt",51000000
"1Jo7ArD6CnGgDXcf7kFta1oUebjgvqqgKk",100000
"1CTsaTYbq7Kj17BQd6ADhPXSaeQ3dtmJYW",1170000
"1Awy4Y9sUiTbGNrvrJKLtQ5hW2WBMfahCf",13040
"138Ne4843cCRCXXs5bZJzE2cjdLW8fbn4p",17920
"1DLG2n7r8HKeUDv3z5iz52v8ZDv6PNNtUs",10320
"1Dqoq4nYZFhyQ626vhjaqxt1Kji6qC86JV",17920
"1P7AHgibCUFGiqLuKgqt3yFMD2rs4wkH8C",12000
"1GhuAZbNUH1YTAL3WLaaos23xH9QZqDrwN",14640
"1LThYER2wT87kADiSXZnnrJm4Xebqtkh9g",16320
"1MDWFxXtVAUryF8SeYbxhvWVh4qTRtE7qU",11590
"1MRcozhz7PJF6Szc1zBj7Nj1Aai3TD2UBh",13670
"1AaEsRKXfhssJ99uzDB3PEM1E9JDi6qV7k",15440
"15YP6u3LMgaU1kUoAPYULxzM6evCVtdCHf",11940
"1GyWT3N6jacQSh4wWCyZEu6ACGsRYCziuD",11910
"1DRtDyF5hXqUw2jVYUqpDNd9HsK1GUcgr",17200
"16PX6nAfuohsYnKFgfuN21nhNx44y5Hm5B",15440
"16ZP53Casdgq1r25wmsrhzxecT8jxnSTAn",17200
"17ha1BYhDmear4WqThae681HzzHPT17SSn",381932
"1Czha5jzcKvuovvkfozL8SSxJRFtENoxH",598606
"1DehnUx8tAVEJmWousxFQjKQjAkcYxnjqt",1009224
"18gJhCXGWUD8MpiCvG5rbr5qava857Lgpr",1058673
"12P1pn2r3AeSpzac2cjPiDBCuvgus4gnjf",1074546
"1H9CnreMwazFJVi15FmzPvvf3tbyFiLcAk",1166231
"1D5qBArsq29qASazA9wNqr235s8s4A8hQx",1178088
"1CfpFnffcA54FYFjShQpmgdcrbFs98FBxE",1503495
"1PDgjxWin9dtSoguMouPNsy7dLzLYmRcHb",1705498
"19LSHErBbSp8E8hA22FsNvq4MvVyTSmwGw",3031005
"12TeDqkdNWXYafpghVAdK4DTnec5KGtXRv",3294942
"198iwuZANG8r2ErjN1eQDZUFFy8gZqixeb",11375235
"19mxvxysJjtshcTgpK9y7Urwi1eFuEynuR",7000
"1CNpErRVrQ4ahjfFjiTYteMVuyJNHwfBbm",250000
"16N14NoD2ZvTT7rq2NNesTrA6YrVbdB74i",950000
"141hrJNNYDr7vZQwwV8PXtMPhTco6FWyFN",156150
"18ggqoomXbK5fZdMFivGn3JkEykJGQEXDu",200000
"12Sz1yjHkbM4QXFbd32staHs3czgYTF64e",400
"1C9sbwSBBt2V7UqJLz5zLhSPtru5KLSNA3",6994
"1AnUfc3wu59gwBPY92ZFAuKo4zp3r4JFuY",150000
"13PL5bZ3o54UHiFz2nXfH77qS3xXEpVoRY",43004
"1F2g9xbUZjvaXtUEAK88vAi1ViJBKcLpyg",1200
"1C2PJxFpVV8LFV3rsh9ohTYZCRScMnnuWs",1613
"16qujgeYMay75E3TnzYRP5L3x6iAVmAwn",3
"18MjktKzCJVUE7rfvTZSSCRd7wtCLB8nbg",900
"195RK2kUTiNGspe9k9KdVoK4ES3gNuos4G",2113
"1M9fdXKirajPHcPXTAJk7qnSy4hNJhGetY",404
"12AAmF7HZSPVhYdrq7tUFNLUNYRTof2RMm",303
"1F2g9xbUZjvaXtUEAK88vAi1ViJBKcLpyg",1200
"1C2PJxFpVV8LFV3rsh9ohTYZCRScMnnuWs",1613
"15epbtG8reKd9d1anoNvyFVYCYLtb5WnA4",12
"16qujgeYMay75E3TnzYRP5L3x6iAVmAwn",3
"18MjktKzCJVUE7rfvTZSSCRd7wtCLB8nbg",900
"195RK2kUTiNGspe9k9KdVoK4ES3gNuos4G",2113
"1M9fdXKirajPHcPXTAJk7qnSy4hNJhGetY",404
"12AAmF7HZSPVhYdrq7tUFNLUNYRTof2RMm",303
"1F2g9xbUZjvaXtUEAK88vAi1ViJBKcLpyg",1200
"1C2PJxFpVV8LFV3rsh9ohTYZCRScMnnuWs",1613
"15epbtG8reKd9d1anoNvyFVYCYLtb5WnA4",12
"16PiMYHagczwYePuEmEZNnR8gTgfPAJHFk",4
"16qujgeYMay75E3TnzYRP5L3x6iAVmAwn",3
"18MjktKzCJVUE7rfvTZSSCRd7wtCLB8nbg",900
"195RK2kUTiNGspe9k9KdVoK4ES3gNuos4G",2113
"1M9fdXKirajPHcPXTAJk7qnSy4hNJhGetY",404
"12AAmF7HZSPVhYdrq7tUFNLUNYRTof2RMm",303
"131huQAD1i7PXxe87XefHiMouob2QjDaVy",337
"1ANE8kYQAhF8e7fotTLUh8TqV4sRtJEXx3",6350
"1ANE8kYQAhF8e7fotTLUh8TqV4sRtJEXx3",16178
"1Ppnn64ssXBv47ycstKi6FHnFTVs8hw1Ve",4400000
"1EPj5AerMoE15ume679VaAPwFJTCB7msdn",2000000
"15zemm7gbuFxGUKpcDNYX8fx8poER2rdUs",10000000
"1vpE5q57G3RNNRjZEupW1aaZpE68CA2Wb",4000000
"1CjE2XhnGqaJgHAEADcjLx9Yq7j4vLqAL5",2000000
"1NzH2zUqNpDUr9A3j3tjpEtUn7aVU5k8gr",1000000
"1HzFkgByac8m1uPdGd7gFPrujGZXrcC36Q",1000000
"1HCb4L1Ay2Sb6bWz5mWEGrsKoqXweXD55e",17000000
"1K3rN3LSYXQ4wW1DLLjkS5RRCjoohNoqpb",1000000
"1B8YtidkgpDfVL2Z5j9kZudjQjr9Kn9YkW",1000000
"1EopCbtUSyX1iD5YDNLLmuZaSfEo7c9QPJ",1000000
"19ZqAvsgUwUx72KTEd7pX7YpkFyAog2rQC",1415069
"17Yb4vZ1pocuQ8twNXYqZWXNVrYrY4mAQz",133067
"1As5dEmybxQuX5iun2uj5iTek1QXEhMNWm",1245312
"12DgN4tNTxa2oSjjkWzvoTeEDkrtbG8g41",970000
"1QDBgTobYSAMJ8GUcYyBUGBDGKZ4UFVbRb",20000
"1D2fLY7xVeDH6LT5RKPsP2BNuvV1b2HmVn",60000
"1KmcsmeM83Q6gRyBDhMXvqUaK6GSKEcmoh",500000
"1M9ptBmjcj8WxZDuoYkCaeGe8xYGydxwse",10000
"12qHXM5ECWHKSqATFVgxLeDg4e38GnvuC2",1220000
"15StzGJdbk7sNdrJ75Ec2UoAEmaYo5h6Uo",184886622
"1DrqU3fAEie7bJ8wwCxkxFPxDzvhzkF18B",4965796
"1CZoGGTsy93YoTR9HHwiNPRr499Xz3QV2a",5300000
"13nb3TzJbnyTLnVwZtaxjvYzfkwGcjP856",50000
"1LSJAvQ4L6XQYLZ5H92i7RAo2eKjb97QSw",1000000
"1CRhBwC58TZcaU8aKjdybQ3aN7E57x8Vra",1000000
"13BHrV29UQERn3ZnFFUBTPbMaU8fqFSJST",1000000
"1EPN59ijm7aVfpzXgivrvsC5KeMig8mk2Y",1000000
"19BjU16oxcCyCZ5NrCmRaDERr62fpqMTog",3774000000
"16yERTUSTiHDGqJgBBsEnBuvevrHEDhLYr",50000
"1E9BJaK4Rik5aytaEMQsUkaQieiV73isuX",1540000
"1BzzRXWBxQgAqmCobwYejLhiM9U385go6Y",383671
"1BLzFnZsCtVTPMWz1oHYG1tpLKYc4ZPGBW",90000
"12zd368YBZNYL2Ysuw8BTkbvs42jTfC7uJ",90000
"1LofCkWqqGVbVzy7Vnyf9C7j9X5mKaa5jc",150000
"14g5q6ppci1rep9ZDUS1fh3vyN4QAA4vXN",44000000
"1K741Sr5fVDM6qnRNwC1hXWpPsUhKwaAiy",2402600
"1CXVJF1WsAdeZQxvqF5zeA8q4kVhqxZN8q",2424824
"17cxCQgpkNT1fz8K7DzjDqD2XJAZ4i7iTN",13040
"1Hz6wGswbaSwekYq5np7DHieAmbiXJAsGg",12960
"1zzMiqZdyp7G417GCMsrH91uvAhp3qLxD",14640
"17TNcHAp8dLkzAwxmZtshvTLgwLfdUAyss",13200
"1JwxD6WiL5ZvZYUJSc2iTKbNUVkQnMEdip",10320
"19w2BaSh4wxzSwdYWeJaL5GuAmGpYzbEWt",13840
"19PZ47Zq8Qudq9jfHftwdT9HtJZfwtrXCs",10120
"18Q6GBicPQuZK6Uz2z5MbX7fjZvcpo2F54",17200
"1LJ5KiU4BGrkHn5RSfeLNg7MrFjyNb8rBw",23840
"1HRsaYXhGU5VMRMWfUmTC232tuy11faK7i",12860
"16U5yWNwnUx3DuwY1gQEiSv1PC4bMvn1Fs",11540
"152QntfQjMHbnnh5g914VhBGCCHGcGYoc6",12320
"125Hj9WVLRuicAomGL5dfSrkEDjwFziVaG",10000
"1DVAQ4xTQaK5JHPTnWEHovs7strk9uDcXq",5018138
"1BbjKHDK4EM63j3CPT4RwePB5N6rYghMGH",168
"1F2g9xbUZjvaXtUEAK88vAi1ViJBKcLpyg",1200
"1KTZVvCocC4MDGL5pr4KJR18LgHqtgUanc",3
"1C2PJxFpVV8LFV3rsh9ohTYZCRScMnnuWs",1613
"15epbtG8reKd9d1anoNvyFVYCYLtb5WnA4",12
"16PiMYHagczwYePuEmEZNnR8gTgfPAJHFk",4
"16qujgeYMay75E3TnzYRP5L3x6iAVmAwn",3
"18MjktKzCJVUE7rfvTZSSCRd7wtCLB8nbg",900
"195RK2kUTiNGspe9k9KdVoK4ES3gNuos4G",2113
"1M9fdXKirajPHcPXTAJk7qnSy4hNJhGetY",404
"12AAmF7HZSPVhYdrq7tUFNLUNYRTof2RMm",303
"1F2g9xbUZjvaXtUEAK88vAi1ViJBKcLpyg",1200
"1C2PJxFpVV8LFV3rsh9ohTYZCRScMnnuWs",1613
"16qujgeYMay75E3TnzYRP5L3x6iAVmAwn",3
"18MjktKzCJVUE7rfvTZSSCRd7wtCLB8nbg",900
"195RK2kUTiNGspe9k9KdVoK4ES3gNuos4G",2113
"1M9fdXKirajPHcPXTAJk7qnSy4hNJhGetY",404
"12AAmF7HZSPVhYdrq7tUFNLUNYRTof2RMm",303
"1E24FqFGVDZzdZiqcuXerWs8t9vRtxPPT6",500000000
"192euPeYUjjPNXiAaEkviqEJ1QnUfUq5zA",35000000
"1A3vL4eu46Ndy5YbEFHoCUhMQ71iXuPnXa",972982
"1D9UDhMfMkAdeCdZxFf4gvcsjBAiVG7iEF",270000
"12R35uoJ3kXwSV8cDHsQmNBEcVoRyB1VN9",18803
"1A18B1X48i9nveebHprkEkiX6sGqmjpXkf",1000
"14GSE1qvvBiF1QLRE2WGSM1XPVaBjffMhG",1564000
"1Jc5SGL3vYP7x1hfKG9xZ5e8hAFrafQQaG",10000000
"1CC4nXKymvbiX3M8SDwVhKYzLFZARHQtPQ",1000220
"1xbbjJcbeD4Qi88QmJmMgTFSdm7b5WCG4",55741552
"1NnDEBBprEGCLWDgkTGpEaUJthj83zRhyj",5021554
"1GK2Fk3LZX5SSuWvEMbrAwQDf9TCne6ceK",1087368
"1AikcmG53WV4AUAbLCdpxH1J6ojAQhevNB",109794298
"1LQa5miN11BapQ9oAkNyQkwp8C5W2TKq9X",1015356
"1Kh1EDWFFeC9jrqPhjy8eVsASqPGkpA2Cd",1012189
"1KVMT66UhfMst4QZJStYsgJCubAwdrH3XR",1016116
"1CtExFP9tEfbmJPBjUkBQ1RFoVaMXBnKxD",2136503
"1CDpPRo2a5rBzfidAbiYdsBchMVAxbb9zp",1001792
"1KcZsx7sYkZgNoiKvRdgSfUEbfufNuokoJ",73500
"1CaBnyhDUXzZbmjvgy6ak2SzAo18LBG66N",182668
"12Sz1yjHkbM4QXFbd32staHs3czgYTF64e",2800
"1Hp5y5s51FzrY8qffZb549fuPnNqnLKoom",5000
"1F2g9xbUZjvaXtUEAK88vAi1ViJBKcLpyg",1200
"1C2PJxFpVV8LFV3rsh9ohTYZCRScMnnuWs",1613
"16qujgeYMay75E3TnzYRP5L3x6iAVmAwn",3
"18MjktKzCJVUE7rfvTZSSCRd7wtCLB8nbg",900
"195RK2kUTiNGspe9k9KdVoK4ES3gNuos4G",2113
"1M9fdXKirajPHcPXTAJk7qnSy4hNJhGetY",404
"12AAmF7HZSPVhYdrq7tUFNLUNYRTof2RMm",303
"1F2g9xbUZjvaXtUEAK88vAi1ViJBKcLpyg",1200
"1C2PJxFpVV8LFV3rsh9ohTYZCRScMnnuWs",1613
"15epbtG8reKd9d1anoNvyFVYCYLtb5WnA4",12
"16PiMYHagczwYePuEmEZNnR8gTgfPAJHFk",4
"16qujgeYMay75E3TnzYRP5L3x6iAVmAwn",3
"18MjktKzCJVUE7rfvTZSSCRd7wtCLB8nbg",900
"195RK2kUTiNGspe9k9KdVoK4ES3gNuos4G",2113
"1M9fdXKirajPHcPXTAJk7qnSy4hNJhGetY",404
"12AAmF7HZSPVhYdrq7tUFNLUNYRTof2RMm",303
"1F2g9xbUZjvaXtUEAK88vAi1ViJBKcLpyg",1200
"1C2PJxFpVV8LFV3rsh9ohTYZCRScMnnuWs",1613
"16PiMYHagczwYePuEmEZNnR8gTgfPAJHFk",4
"16qujgeYMay75E3TnzYRP5L3x6iAVmAwn",3
"18MjktKzCJVUE7rfvTZSSCRd7wtCLB8nbg",900
"195RK2kUTiNGspe9k9KdVoK4ES3gNuos4G",2113
"1M9fdXKirajPHcPXTAJk7qnSy4hNJhGetY",404
"12AAmF7HZSPVhYdrq7tUFNLUNYRTof2RMm",303
"1NzZf8b8fLKhR2U9jFmQDbCZkCRAGKXd1v",10081801
"129YPuQAKdtSzsdvrMjeKTdcRKWNiPymFz",1061789
"14xz6jquzj5koWCK4eUTGBkZUuZkKfctkT",5073336
"1PeSZM1vMCDZvD13sBGWtR6zCyzkgb9nQ3",4798
"1BntGDJ7JPeXqMzZoCkFHuXySoj2op2zty",19365
"1GLssnUzo6Bu8vVg73ii27U4dNK6tLW8AB",14129
"1P8T22jQ9FBJwcUDkcnz71KSotruZvHGfZ",251257
"1DtdR4kEMEVTqn2R9AQSRdvUfyuDAmL7ay",240590
"1QHqAi1RTCMDk9ZcJm689wkyssD4FjgrhP",10398
"14N71J9T3s2PJXtpQoHXWNeRPY8ycNRduH",466643
"19j7eb6jR9aAnLh85MRcAd36eZqGmjWRBj",2000000
"1j46bQ9ZXMk9t4Cg5wuvGjfMZ752Qz1XB",80000
"162R9zoexGvjPm27i8f6NV43tiZczj2x2u",1000000
"18SVpw285hndqgRsX8teqs3zSLHxtDwkjV",1050000
"16CVzUhAzj3g4C5rTaKMsnZaHRbmPbPpHF",1544392732
"1MbJKFo9pV6pE4tFyBeuRPEKSXKKAttWXA",232912
"15FHkAJx9CNzuepwvjYmhC1NqnZ54dGVA6",4950000
"1KvWzxaN7nGYyg8ssoRjSUV76t8tHwwoCX",900000
"1DNkmWfzo2aYcFRcAAGNDeAgLAWo5mWnBa",498000000
"1RHpcUxXfMjWwWb8f3scmuGiaUe5xNrBL",624000000
"1MsrUQL6LeQysqrnsJ8PvgesWz1461jyHX",591423
"1osmXqwhYxtEHkx81E3fkQJBLR6imE3QK",400
"1o6gW546PV3PSMtwPqMwhcBvk4VRLR2Lp",400
"1npXu1oCe3W6XtPCdYWeo9PHbi6qD22EZ",400
"1kuepHEZUP2KpjPdETvaaJthUFNmfvTps",400
"1jrupSiiJhnzn7HkKf9wNdXnzbsh3F9yT",400
"1fVZ7NeGABCSiomMTJAKLsVw8uxuWE6MG",600
"1dzt4r43enjL6KHakegemcLU5rG7dnS8x",400
"1TLcm2JW5adP78gRExKUfbUihwmuCuLwp",400
"1T49HRNYYtwcFXpjDRsX7ehEb6aok5F9J",400
"1QXk4VEhHTgr4W7LcQDZbzwzTNUWoNEUV",600
"1QJs7Bj3gA2xBPgrov3DDrTQxdY1dfXJj6",600
"1QHo5JLX72irgmkFMDKbtQVuqb2LbLY5km",400
"1Q8uePUMbJAdzMZNNKozh2AMtq2LqBkctP",400
"1Q7VuduQYLCjEsmWdBXJEUWeVrcwUk7t9v",400
"1Pz3PWJJ8Zhge7jUiRV5jY3jcVM9mkx5wq",600
"1PyW3puxaKQ21Lm5qKheooThNyek38RzS9",400
"1PxDPVoEYo31iyLjZd7imuWL7J8WcSRKd7",1000
"1Pv94YQ4P6aiUz3yVGeWwuKy8i3b6813L3",400
"1PpVhnkiCkf3dVsM2r3wtAogLkbm1EKpC6",400
"1Pkscy4g6zjh9HWytaiTwBp48M6hoPHrNP",400
"1PdKHLPJngpHsPBCQ6EbGrtrF51Sdz875K",600
"1Pc9H6qGEtcZ98CXMKudXh27db3nLFQA6b",1000
"1PahxTYg8SCa3MNXnQfYaz3PRcfbwhL4sH",400
"1PXQd6GpAnuKi3qVBtd6vULHHVwKSKYVfz",600
"1PJgMPdWmM51qzeMaNwhzTpfn4si6yMxn6",1000
"1PCTUMU4CNgb6ZFzRJCSvJrzidZWsUCRxz",600
"1P5A2P7TqVfsr6NpJVPBzJTtW1qor1SEZz",400
"1P1UQxhyheFFFGV6qYrbNydHLyzeNwDVEu",400
"1NpaXvt9ekpogzeNMNSFBiCa7mju22fcpw",400
"1Nk7suPkEzd7CArarsWuox86XfYdAKfHkp",400
"1NjbskGcjBNKHg46zTxAPG1oxktHn23WKq",400
"1Ndj3q8JHfFxYN3y6DEr54c9SV31gs7Aqa",1000
"1NFRRZZWSmfvcA2fo5bzHGgUvdoY7rKDqk",400
"1N2z2qCGGf5EQzEsasrCLknAUoKscZ4KLg",1000
"1MzhGkenDyUyqpAfzuy3E2vgtNcUPBc92R",600
"1MzE1Qgnog4XJ4hq4f3iEkiCd8Qob8h6L5",400
"1MwfkpXoeW6z3onCgdk442g3P7M18Dgy9x",600
"1MqrBQQD9GDtuwJnqvpjTTD1Zh22z4vDXo",600
"1Mqh6rbfNL1aMYZ7nbra1uVcAtGmA2Aisi",600
"1MnYqp8N8fM2fW2JrmYURUzE4Cs3fF1y1A",400
"1MkwYdtCkKKPKEA5v6jv9uiV51YUt1w9xt",400
"1MYYQR8jh8YGmrebc4rceKBxHSRPddqAmU",400
"1MW49ZUmH5YsAQS3duo7Fw47CM3mMG93Lx",400
"1MRcozhz7PJF6Szc1zBj7Nj1Aai3TD2UBh",400
"1MQf8R5gUNYSubbDfxKygn3CsssHBiCGXK",600
"1MQUJC9W57VsDp4HyhiRirH3QmAfUaGKaT",400
"1MQ8aCJM2niG92hWxWwGHUWjXeo3c1mHXB",400
"1MGTHRQg1Nn3wFMgTEox9zkFDtbaN7aKw7",400
"1MDWFxXtVAUryF8SeYbxhvWVh4qTRtE7qU",400
"1MBALwubF8ph7sTmvrYqtGpXdLHjTUrb6R",400
"1MAgjbpQN8kKjGo2KwQxg2EN6FjAUHdKNm",600
"1MAZ29FKcGTTCXZYXuXCuRHpNfbisXkRrS",400
"1M7pysxjWYUDJHJ4vdDthhptbtRnXHTkN3",600
"1M1Ezsj7cEpawS9kBKcWjAeXfZ6PDcAcVw",400
"1LpBJvjfQrtCdUnVB4ybTJGBYmjeoh4Wpv",600
"1LnCmoHcxAp3n7idyFEbnud6FCNgZGcrWh",600
"1LjdbGjvfQVKMZYQs2giWjhQVoCyaw1TMi",400
"1LiaPgxxNA5wBWYt92oyn3VuU3pf9egpUF",600
"1LbUc5R6hPWJq7ESDuhXa6QEnn87tzqkKP",400
"1LTtmF1Jx5RVJvLMv4s4s9nQh5CMkvWXXh",400
"1LDEq5x1qC27MLrS2kxgfnU11tNbpYunki",400
"1L6C1pbL75jTtbA71q9NSuD8L4yoP8MpLG",400
"1KtbwbJFP2uXx44PKkRHF16mARNUxBCQAW",400
"1KsmKW7DaYgcQZmM4qtT6a2FyuUdhCHNpX",600
"1KiRRZKkBzYDrShXzyS4hFiG11oXtGkZAt",400
"1KfyDjTiMwgXsodHCRNFhNdwK6YMivbnZi",400
"1KYEgQweLyU3ByWcgSSwoVKBqM3aYYknGW",400
"1KWHQhUVsUfnVsLVS125kHZbfjCZwHoeH",1000
"1KMwwx11SULCvZ8wWcon7Sd5QHyQvQK31K",400
"1KKyarNG1khNSdZfKUCfLNBgWesuGfeKPT",400
"1KGYngZFfpt1VLB1cnMMYRMBHPiugHxWAh",400
"1KDUqqLE938xW6BUP9fBoXWK45vPCVNimr",400
"1KDDjz43Jo4MfWZL5Acmpd2oTTE9MTAa9T",400
"1KAa1fYNNWRnozZYmfNrexefTC5sEnKYJH",400
"1K9xUsay9PYaaht2W9GTrXQmCbYCX2vDyC",400
"1JozefPTC9GF73wWKbMJxpgpAYWdVtZ1ji",400
"1JmgTq6H35iBFsz2ieA4mdzMDHggVgdTQ8",400
"1JmCvsUVSCWxLYkDDb5G1ZeXUJS3uaTpgD",400
"1JgfZDe1yGEdmwqhyRiuZ2jxyEKtt2XwoF",400
"1Jg8TkkMqC2tAXozDiCbkiWmYh4Eeq4nrT",1000
"1Jg28Qb5wRJ8SvW3a5a4BFePfHcdBag4Bq",600
"1JdiRRPgqKiLscA6FsZeEi4ACSoGth7DKo",400
"1JVjss7trh9PCmgywJajwQmURGzsCUdSbW",400
"1JUTo2jxPtTt3QSDXYS9Txw7bJpFUpuRLZ",400
"1JFtaDVUeEzg43C3D9kRDeuFATKfqRbafY",400
"1JAgDDRr46Bq8RUs5PLcNVxKvRG6yPx5Dd",400
"1JAB1q6qtK3tkheEF7ktZAzM6W78MuqxPp",400
"1J4FieHf4r5jWohR1wGimpuGBqmdiZxM8R",400
"1J33KiBTMcpwayd37FTmPVkNuDxv98L3DS",400
"1HyC54UUtkYMUQyGz16BSwmAVXS8r4ukJG",600
"1Hot4be3ZZnkUjsr6E4fYW8a1SMmVkBd9m",400
"1HnmubYqdadtxjmNqzYNNGTB9gofwgiocq",400
"1Hko6JfUJbfnG8mDb4RRbMB54uUZQXAy3c",400
"1HissT1uNj4zLdQtVCN4k24jRXLAK2R4uX",400
"1HfjF9bMHuJYQfWxqhJJ1RpDZohNGT569",600
"1HYQ6MD92NR4MKMiseDynPtpJkrnwZnk74",400
"1HRsaYXhGU5VMRMWfUmTC232tuy11faK7i",400
"1HPooT33CgtJUTxW6pzCncXy5fqBxstGJh",400
"1HPBZeex82731DNVYmNBw83RaRiUD6HKt4",400
"1HNkvXBGYsSpShcuVcX7kCiwrDi3yNtSWi",400
"1HNJ2ZLw9enPyUb8G4z73C2AZHqfKumqbu",400
"1HDgt7bujEoZoWtiChVxJMLWEC4tKmMtWs",600
"1H8sUfbPpS86y3HaazBCs3e74tPEb2GX7k",400
"1H6QFzCqxvTgpcEGtygQivy2qmPEN8obqm",1000
"1H1VmiiAVrZaJJBrRP2c6ADau9wEiguYpk",400
"1Gqe3kYe7ikNDqUmFdk7WC2EgAcQ4ebF96",400
"1Gn31t6vZu4dD62L3qwNtjR8jMnUGkeGW8",400
"1Gn24gMmfyAtV37hs56h2hqiP1jm8MqLhH",400
"1GjFCeLdQq5Tgmz3GNRCqF1zQFGT98MsnC",400
"1GbMm124afXWHdk2wteVj75L1KvED54fFd",400
"1GYEfCvU7ftiFFmGLCHF6EtscWh5rEpNjG",400
"1GWWr5QLnzxGpFdMsGstD9MHG8mjixxiiL",400
"1GSXrrWJ6SDpXkN1zXrBFYM3ooen9cp73U",600
"1G73n624jLCSeSt5AC1PZH8FxWRRKepys7",400
"1FzdENpmGyNhKcEbwGKNFoKkSP63RMr195",400
"1FszwFMACb8nJaeR1Y81QbuY4gsUoSmfuR",400
"1FszRMopMeEf4WpsTNSk4gY37qotL2bAcn",400
"1Fr2iYfSESmdkki9y5f8HWXM83R9UGqu3V",600
"1Fo9auNghdd9cwXQ1Qa6A1FnFH7gGJzHNg",400
"1FjV3SBEtgfxAX4wP8mvZ1zAJbKkqzspGx",400
"1FhTAMRE7bv5JuCBo66SfVJ7kQBAFmcGqK",400
"1Fgsa97PYtFwXkSvPu2saScHuH7Zqphe8s",400
"1FekT4zm1CK8XtoLLJUewn694QyunqmcSg",400
"1FeHAbpWVhfaYsBTg2bmc5yfKPrZ1Frh92",400
"1Faofe2XvvcLQBd7eLAkoYR6nn7sX2qAPX",400
"1FYGKjktWgykZELjHKf1NTEk9T8RcNL4tu",600
"1FNPu2VveKmAKMQREvrCjNVwEUoFAs4XBX",400
"1F63Ftf4iVsVaDhwCF44KbHVmimMWwAbPC",400
"1F5sytog8UNdZFLBHrx7GSB2ef2nHVxHGC",600
"1F5HcqiEqaGZPsNAdrw5MTSMKkpBLv96tJ",400
"1Eqeu9Wyk6jS1Kdaiq3hsdkRnC4J8LC2cs",400
"1Eo16HQ5cNxyssLpfHkwACWogj9Sv5mUvW",400
"1Ed1TmQatWQUN3d2afqj1kyB5WM92gqpj1",400
"1EX2LLJHQJmbpB7deLazHDRths5s4BHMRs",400
"1EWPadcFUXctQLkUiMhy3BpYwAKiSZeYCK",600
"1EW94BGmko9jT8rM6cZ9k5oPDjgjvD22m2",600
"1EUAAuvfRKeGSst5inFJLwC8GDhPH4cZEk",400
"1EMPgxXduTCpbD6AR3mQTiXUx5fpnjXgsL",400
"1EKN6fyC9soR3qpCNcCR3Euyaa5erbe8bb",1000
"1ECUpDTKtVx38oMxAAjPJAhAzYy5gCTsDk",400
"1E9X6xsJe2o4zSmiu5gMWZqgS3ZkFCVDhM",400
"1Dz5bR787HADGT6Qftb26Tjd5JEAuaKi7v",400
"1DvazySqjfQdoV4yTMjcunAbTry3qM3YY7",400
"1DuusddZ8rfAsu2iA4QxqWk6NDkLuR6YtR",400
"1DhSC1e1FtGNcFPWAYk2QhLDKQv52NsrQN",400
"1DfP5VpMN38xHLsQEdRX1SQa73hDFUCXwE",400
"1Df48tsdMdGXtRRcmoBNADsewTBuY5ejss",400
"1DWYxJK6gNno9dNCNp6s7iCQQBCebAPJmG",400
"1DRVqLGmBmnFHpDfZ8JmCXCTpwDGrt4Kq1",400
"1DF6t1cz4DCpy1MPH3XRaGp4wiBYyCnThw",400
"1DEpZ5MjEr5bD8Po3u7besmA229W9g3x1R",400
"1DEfdPL1dP1VDSzFuAd34dnT3nRs41Pmqs",600
"1DEZd9aawYNzkbuAJUr9WcasdDBMMyTpva",400
"1DAePgsZ8Bo4dk9Vn7TmMDQ3t6hbCpzfN5",400
"1D8e9i2c2DJbrUmk49GJfBT9YpJeTjRiD2",400
"1D3VE1KErEDzMSeW6oadT3jyhUz6YxXaDw",1000
"1Cu6X3c716CCKU3Bi2jfHv8kZ2QCor8uXm",400
"1CXpMnXD7HdUF5G4hTPcF9rgdG2k4caDXV",400
"1CVkFq4B73o8BDBs3XrSeDEpqZkDvJ3Fio",400
"1CTgpqYmphMXWzMnyT1pdP5T1ba5VWfJNW",400
"1CP1vcFToMeQFWYrwznN5KLDHpFieuZq9u",400
"1CM7zzmW5UXWsw9n5PTDcDtkLoDzzxq97w",400
"1CKg4ZMSbtTNVVqizXk4NHmo9CYoyDChvM",400
"1C3dagUXQ1Z43NtjbJGNhxz7DyWY66JfNm",1000
"1C21FniNparw2UoDaRkZW8jfnDikGWMivA",600
"1BypmwdAnWzUdM8z5NdRZryPPfGtMnaDza",400
"1BxV9qxEJqjoKf5FDWyfhyniSCDt3ck5gr",400
"1BwQJuKUxCGF81JSQnkMY6GknwVXPmjCPF",400
"1Bmoj5y9eBpjpSLf5JAVvX3pwFAiEHnbBh",1000
"1BmMwJzuLrN9U3WiUsNE4yukeSYayux5Vg",400
"1BkDGKo4BBfzeSDVU27MsecFqkDbUiQpys",400
"1Bi9NgZWdsjotX7DwBffF6oxnyWYqSJzc7",400
"1BTGgXzzekMm6sDogZAzwidgiKgpUtpNRi",400
"1BGtwbQwT3acuYqpVzL53VR11FJgmN1Wyn",1000
"1BGMyJm5uzCbVDCgN4P3ygijDgd2KdVmUN",400
"1BEYwjtkyUtSAwdSrduYFBEoPFbubi7Pi1",400
"1B9R3MyqC4QspwTMjFsAThy6iGeovAA7hd",400
"1B7YEr6qDqRnLKKr6rFeGSszr82VGrVMqL",400
"1Awy4Y9sUiTbGNrvrJKLtQ5hW2WBMfahCf",1000
"1AvjxpmbN2PhmoVMBNwvGv3jFkEZcdHCKi",600
"1Aj6dyoddThtW7veF3CQ1UcCeqySpCvrew",600
"1AZf4UmurBBss7oWRt2aAuNwwpQbomdRQL",600
"1AX3Y87FyDbHwc16KZieg9k9HYtjZsuhuZ",400
"1AP8JFLUCxU9estMrouryd3CW1qayhA3Wh",400
"1AHd9Qj4xrjXCTrLVgVgaiUL9MdjA7xdZ5",400
"1ACnXoJEP9ickTnhJ9emjRwbREnPasJV4t",400
"1AAsT5owbTsCarr33P9pvzn1PaRgcGdeGY",1000
"1AARPdptMXcsit4E6Qser5rzq1WLu1848E",600
"1A8mcphVGCaAauohFzEbRqtDEMkpr9NLKe",400
"1A87S7FX29m5xmqmuPNsWFanjWB5FQV4NC",400
"1A2YjXMbRJn2pzas13JET9Psg62T5n32at",400
"19uLdhNepPhKfVDdg4D1NPThpYFnByBLoY",600
"19tG8qH7tBDWoCRmNgq2iV3V1ArYkwatye",600
"19hRTXbwm9G2NiBLxKwZL7yQuVSZC7ERMw",400
"19LVTjgpVC4k9HeLxRQYmYKdJQXSEnQWDK",400
"19HFtgjQMDqSdQDEfmGTiH6Ndywz57iVgh",400
"19EbQkmRAwYPS6VpZ7radYB3UP4WdkWhE7",400
"193zQFMtqSpr41ptfciby4wwtdUME64XcH",400
"18yCUeHbiLfy7Vz3DUjTPE35mrhHwWmB3J",400
"18wmgaHT6EKj5UurxtkHdDo4k85HiobnQn",400
"18nSEuybsUvERGR7zZv1mtiqLYATXLQ5Jo",600
"18kijXxtFFZXJxm22z4kg1coxKY5vrd7KY",400
"18kM8Mff9M8H3hnjHeA4W95kFhHetD9TyN",400
"18g53SWSk9yKP5jt9hLJaNdaf3yhXJ7zTs",400
"18cwQ6G6SEn18vBqAppNWx4BhVWnnNezSK",400
"18bikVE2wa1d52z9yMjWHt8eSW92LREKkh",400
"18Q6GBicPQuZK6Uz2z5MbX7fjZvcpo2F54",400
"18Q5U1upjgc2iEEW8fApZUePUrCaUAFDNv",400
"18DKCFPAde5vgPMePTrJ1GXGm88dioprdv",400
"18BdMAMvP3wj5JkMaLniF4VmZ9kwXE3QAM",1000
"182qVpt7SAFi1Gt1iMpPDgiric3D55uo7",400
"17tHjJ6Qy2dPPcWsmLJsRMeF1DHiJ1SFx3",400
"17j8B2ACjYBrNhjxbgLktRTntdMMvMBFMm",400
"17hHEbecMhG3nzbpsQT89ivvchUsxhd5hi",400
"17gkzMXebKeTb9QrcTT7b2jZfJaUD5FhvB",400
"17fi7xV7Bz2YGZTXcCbSGVXt4YtSLr43Tg",400
"17ckVZDDVCfJwrur1S25qpVqT36eaztNWc",400
"17WiJqM2NCwgp2p7H21njsnLNTtWvBmwCu",1000
"17TNcHAp8dLkzAwxmZtshvTLgwLfdUAyss",1000
"17Qy6fyhRzGezU62Zp45wKr3rz2WhYcmwj",1000
"17Q3g1sY5qbMhcgBKfydAaSpq2ytiAK8hF",400
"17MwA8wzRC1SPtCpuZZ7Cm1irHet7vbx6N",400
"16wbH6e5DGwxUAU6LcbSR6u777z55EpjUQ",400
"16vcNhWRQYR89CsTEtQ1yR1X3T2ep8mZaf",400
"16qBug37r9GQfonPjGeAsS5hMujjMTQW4i",400
"16jkXWZ4XpTFRXdd4c3yZTR67LLxy5CJ14",400
"16cv7B9xEEKvymPssL7D5o9PCZe4nemZ7j",400
"16cicrQpDKjLXKZ2v1gyz1KLmA3wpZ78PW",400
"16WWfqU5rNEi48GA9vLbSsFnYF7tNJasvN",400
"16WLUZoxSwBYoS8DMJ6jt8J6tyfZhNKfeC",400
"16TxhNrtNDy6rK9e3vg6t1Z2Gc3ZtWde92",600
"16NXT9XefGr3JNmnXBgHH3REKAaioHG41p",400
"16Daq33oawFdoGVPaidqVLpFx27NNq71xe",400
"169JbWDbZEFWEsUujPqZTRgt65pWJXDwHo",600
"15krAFGT7oVN7i1a6rwPmcF22V46agso5e",400
"15dHAhe1hVornVvBpy33sSfizVfz6fPYti",400
"15bVAeA9dWedKk3d2WXeRkE31YAmz6aGso",600
"15Y3VvM8xwr8XjkA2aKjhFiNpZWk7Ve17w",1000
"15Q4ojydtq3hxpVpiN3WFfTe95fg9yAWKS",400
"15KwRtbzBiy5kakMswKSHmgT46H4oHwrP4",400
"15A2fcgTWcS1KUwYPZHZRNteiofrf1cr4C",400
"159uRhZ3nGdzpr7Ly8RqCoGQqnkaGSDAPg",400
"14zShLMWcYfRF9FdZxaWHCS1nqPGE38U5S",400
"14wA5cLDtH7XEPoX4HwoQLfPrQ1JeJW2xC",400
"14v1hcjbuLiuKWZfrWwKaeV5vpVEXepkLw",600
"14uVJ8PSAn2EVDPFAN4WZRXuHR5YiQC4iZ",600
"14qpQ16Wb8GeU7SLnW3GSzb7zq5Ti79iZK",400
"14jNM5iyZJUxXTBj21K7NcXuNxW46pbuha",600
"14YHudkXPd8tFQTVgiuKrqiN33yNJXXK4o",400
"14WhdH6MWNutZnLhMJwvAQPo4p8MERNRS2",400
"14TU17NkswWvgrub2KTqfGu5iEMqGypR2H",400
"14PxEGLQpW2uwpbQMm6WLDvnYGCVC7euky",400
"14HkcEuK51zSzb8ocQxVN6iS7eZz9WXRc6",400
"14G6PaBe8fzuNre7T67seXvrJumWEHS61G",400
"13v9EbWPywXf6k32rAS3UvDnvFxDXYqx4P",400
"13kMAHPozcpxVAasJErgQUFKZLMxbEqxuH",400
"13jseVY5NfkktrANkGb9C4d8sANUEhzQDY",400
"13eVpZUazfn6CqJHSmCGTs4iCmsgSWHe4E",400
"13bqBGUt8ai5EK3FzSmBh5XP8RTRdnvpU7",400
"13TEo9zNu2Yu4ESH4zth5VshzxrcK57HhP",600
"13GdNiniqQ3dLnkxkkwjsA42468z3b3svr",400
"13EjSyHa7C5h6rieVNEbT617X1u5uz7RCj",400
"13CDtAWquhWYxJaZRDrBRrm1KkzR2am6Hf",400
"138fsico2TJcYV5SU5uQS2Jahq55ouS8yg",400
"12yCYg7aP8AGDyXjsKrr9rVfgrcejH3YYB",600
"12xVFwLV3nGmfNx92UhNjnSyHMiWLZcyHY",600
"12YJFc8FwK38dY7Qdw8jnznmAoZHN7ks26",400
"12R3hABFZrVEZyG6j3xhMzZiCMeUGgxsZB",600
"12PSjvGUVMhPiE6m2M16e6S8qWygDyHQRt",400
"12PAcwisBJYWH6EDMMyBtZqpNKty3RSV9o",400
"12DLNz8kfU2fn1YHkK2fQf7UsS7z76fgru",400
"12C1rbUuXhKxrDsrLqCa4vejuLcgXqo3Q9",400
"12BXmDwaHxozdeNvn946pen1w4t2dpbfAG",400
"1218c5mEp1SdJLof8z9r3VbNTCfFVYee6D",600
"112rmxuWpLSwy4SpxtB4g2LuoyTwRK4yDo",400
"1HQk4QzZq7FtwJFTFyKgQjr1Umi7BzMsWd",17440
"1FszRMopMeEf4WpsTNSk4gY37qotL2bAcn",11920
"1JBo75bJM6VjkecupZ5EodZpcc22WR7EX5",13600
"1Hz2TKnJjjdPggwM4FZaXLzUjMvUDVd4mw",15520
"13zHoE393L4k2ZfCgenJc1KXXzK8cFhxJu",14640
"13qpYWTLd2F9GAib7dCfyyrkuBGYw12Eyq",10460
"1KLszY8QjG6mPhLVWFWu7FiJGk3EPzhAqU",11200
"173XLibDK55gyWe1r36p9hokWhQetAmJiq",13440
"1HDRiNFgxfW9shRgKbuggxV2iFDwqAdacv",21440
"19AwFCPYZQLvZonSLMLu82bgS1Jc5jDn2c",10160
"1BneJdGLKEKHNhh1zCkCN7KEp6BsTx8F2U",11600
"1HSdLciD2Pe9ogbrfmJVME9KmXSzKyTSpz",12960
"1Cu6X3c716CCKU3Bi2jfHv8kZ2QCor8uXm",13090
"16tkD2ydHhAUk3GMSChHQEVRaBdTCj1Dqq",40000
"1F2g9xbUZjvaXtUEAK88vAi1ViJBKcLpyg",1200
"1C2PJxFpVV8LFV3rsh9ohTYZCRScMnnuWs",1613
"15epbtG8reKd9d1anoNvyFVYCYLtb5WnA4",12
"16PiMYHagczwYePuEmEZNnR8gTgfPAJHFk",4
"16qujgeYMay75E3TnzYRP5L3x6iAVmAwn",3
"18MjktKzCJVUE7rfvTZSSCRd7wtCLB8nbg",900
"195RK2kUTiNGspe9k9KdVoK4ES3gNuos4G",2113
"1M9fdXKirajPHcPXTAJk7qnSy4hNJhGetY",404
"12AAmF7HZSPVhYdrq7tUFNLUNYRTof2RMm",303
"1F2g9xbUZjvaXtUEAK88vAi1ViJBKcLpyg",1200
"1C2PJxFpVV8LFV3rsh9ohTYZCRScMnnuWs",1613
"15epbtG8reKd9d1anoNvyFVYCYLtb5WnA4",12
"16PiMYHagczwYePuEmEZNnR8gTgfPAJHFk",4
"16qujgeYMay75E3TnzYRP5L3x6iAVmAwn",3
"18MjktKzCJVUE7rfvTZSSCRd7wtCLB8nbg",900
"195RK2kUTiNGspe9k9KdVoK4ES3gNuos4G",2113
"1M9fdXKirajPHcPXTAJk7qnSy4hNJhGetY",404
"12AAmF7HZSPVhYdrq7tUFNLUNYRTof2RMm",303
"1F2g9xbUZjvaXtUEAK88vAi1ViJBKcLpyg",1200
"1C2PJxFpVV8LFV3rsh9ohTYZCRScMnnuWs",1613
"15epbtG8reKd9d1anoNvyFVYCYLtb5WnA4",12
"16qujgeYMay75E3TnzYRP5L3x6iAVmAwn",3
"18MjktKzCJVUE7rfvTZSSCRd7wtCLB8nbg",900
"195RK2kUTiNGspe9k9KdVoK4ES3gNuos4G",2113
"1M9fdXKirajPHcPXTAJk7qnSy4hNJhGetY",404
"12AAmF7HZSPVhYdrq7tUFNLUNYRTof2RMm",303
"13EKtvKz4MbjErvEyoSWBLDFpTW2AJZFXe",390513
"1BKvemMEntHQhwNfC7SnTw8zDDC97nj6nr",185499
"1M2W9zNSwWbfkHrXpbqVtTbMGDzvghrxjm",1203295
"1H5MTpfBGu12ATQEcsDtc9QYnx9dxEAVu1",36359
"1CtjSRHFc3qEC7hy1d9aGNUqBDxfzYNLo4",100000
"1B4aXjRDWvLN2FoxGM8tr55iTM81vcXoHP",31973
"1J6hfSgte8nGASsx8ipUu6n6vRwG9XyUBs",74135
"1AdqYYC7XjQREdBC43TtKRJSuSdXaSiLde",2000000
"14Max577h7H3XUMgGsMirhbXD5mBQ21vDv",202879
"14BJddNoLwgXbNg5WiaRFFzUUHhqyWpSVU",463864
"13rXTfBF4FaNuJGpJakU9DRMyQNdVfdWq6",2004496
"1GQ5d2HfdyGMXE1vVMAiNJmwLG6hLU1LQV",2491600
"1Bqs7YE5GG842bbQ9sLdSGSGs28y4uXTiD",2614799
"1BBrufkMednkJwDeNubEsrjttssJew7ogS",50677600
"11ZTLipQG7g6yqDbuTFcB1WdSxxkhf3nH",13563
"1K9veRCvNtzWWDGZUejbHEkJk2d8yAw2Ux",8220808
"1Gtfic8b2y4W7JcPnEx9rekhRZjFDNiHfa",182025
"1JXogBxJFEcfjGFLKD7BHywSxLMtvf9eRe",156443
"15UqXH3ou9dAP7PUfC4wp9VjpPYGK5hoDg",5460
"1Nzapw1HPwDFTGpGRWdwSYHRnSN3HNXzfK",36000000
"1Kti2PDNLvpNAVmnpXszRMrnvAEGegPpBw",198000000
"18oUB8ECCgvqpdxtbFfYa8FMx6yWh3AMCE",14480
"1Ce4a6B5czbJh4BUQzbLKvVx29UHW8E9mE",10660
"1DV4QQyEZfxSQD51pPUmHoWJmY9dwndyeU",12070
"1KQ52TRUKWVmMopMYMEEUqNnAWsVuVXpyK",17200
"18MxcRjcbg4g4pfx9oNPkse3hgiUxELaj9",11020
"1CFgGH263a1ULu2DvsyHXg9GTMSdprTcrx",16320
"12iPmHGcs1t7Wq2fLc6DUxRkZ9RAbGEgr1",22320
"14HBbyNc1VjrukXw3ynwK3kGfqExKbrwXT",19600
"1PZRXHBjGGY3Zx4R3j9vJWZZkPew3KA8BV",15440
"1AmkJTm42yBWm5vMMfisUJXfV12qyw3qit",13040
"1MWdrwLHwRe71GRqgoJ6nGZxCVB8N9zE6K",13040
"1M8ENgsDTGJT8wRxDV8BoJ7WzaTUKfsiLq",13040
"16zEH7aFfD76HArGbhrdREpC94kzN7bA1t",30000
"1CepyKb3xejDRWEpJJb5sK7sdR66xeZsMF",583293
"12WsZ6D5jB95jYeQm64CPcyLTN6TacbAZG",2806437
"1H9NLVLbQfNx74SooVufYrinwtpGHht8S5",186063
"16TkkHMneApGLxrQEYvhagASZQkKEojbLe",140000
"14gjJUs14Vixy4GQoSmQ3d13Nc6HT4JCCP",9371
"1BQ5UPxw3DF54m2eZxfyuHKBeThe1GQC8R",421680
"1128iSwuf8y2WW5CVihCysB763CCgeX4QD",6000000
"1uyCHMK3DydjPh25VHuCfmMSE9jQNd2NY",400
"1npXu1oCe3W6XtPCdYWeo9PHbi6qD22EZ",400
"1iVGhf6XDw2JRTHnBi9JTzNb5k66gUkrp",400
"1hDo8xWNpU17bMKxa3z7iNWwuwGDGPrqs",400
"1fVZ7NeGABCSiomMTJAKLsVw8uxuWE6MG",400
"1TLcm2JW5adP78gRExKUfbUihwmuCuLwp",400
"1T49HRNYYtwcFXpjDRsX7ehEb6aok5F9J",400
"1QXk4VEhHTgr4W7LcQDZbzwzTNUWoNEUV",400
"1QJs7Bj3gA2xBPgrov3DDrTQxdY1dfXJj6",400
"1Pz3PWJJ8Zhge7jUiRV5jY3jcVM9mkx5wq",400
"1PyW3puxaKQ21Lm5qKheooThNyek38RzS9",400
"1PxDPVoEYo31iyLjZd7imuWL7J8WcSRKd7",400
"1PuAGh7b8JBbFJ7nBqCmkKozWcmZzB2EsZ",400
"1PdKHLPJngpHsPBCQ6EbGrtrF51Sdz875K",400
"1PZWDYGdzYsWuGmqz7aEjofsC3ajmVx3PU",400
"1PXQd6GpAnuKi3qVBtd6vULHHVwKSKYVfz",400
"1PTJaevvR68nFsF9SQCLzoXNBo4nbVfrLX",400
"1PGP3izS13i9sjNYdvqsbTcxeZq9JTw3dn",400
"1P5A2P7TqVfsr6NpJVPBzJTtW1qor1SEZz",400
"1NineJQMVYyKmDXqrycKenAtmS7AWexp6q",400
"1NRytnc9EKXD29MFF8Sg58HK7swoPwMXTT",400
"1NJyURmoG88nwLtes3jtMfmJ1HtTMpkV1N",400
"1NFRRZZWSmfvcA2fo5bzHGgUvdoY7rKDqk",400
"1NDmCZBxHYbVxp4WwU1GaoCTZYmXYazKnx",400
"1NDDTmwocUQkNfPCiErXRCi1ybE2rSCQaX",400
"1N2z2qCGGf5EQzEsasrCLknAUoKscZ4KLg",400
"1MwfkpXoeW6z3onCgdk442g3P7M18Dgy9x",400
"1MbzdeLePgDEemPUtLTZE8RFPxvhk6EU5Y",400
"1MYYQR8jh8YGmrebc4rceKBxHSRPddqAmU",400
"1MX6si8bWNufaM5LTDVL9eef58pCALyufR",400
"1MQf8R5gUNYSubbDfxKygn3CsssHBiCGXK",400
"1MDWFxXtVAUryF8SeYbxhvWVh4qTRtE7qU",400
"1MBALwubF8ph7sTmvrYqtGpXdLHjTUrb6R",400
"1MAgjbpQN8kKjGo2KwQxg2EN6FjAUHdKNm",400
"1M5GcnXKrn6C9UmGhuuP7iPZV2FhTVgPS2",400
"1LphBq1qpkQJ32udmnoZqCL6DG7NrCvKsC",400
"1LnCmoHcxAp3n7idyFEbnud6FCNgZGcrWh",400
"1LTtmF1Jx5RVJvLMv4s4s9nQh5CMkvWXXh",400
"1LKyqMSNqZrYcyPVPbGNLbyq25y3uCk4GG",400
"1LDEq5x1qC27MLrS2kxgfnU11tNbpYunki",400
"1L6C1pbL75jTtbA71q9NSuD8L4yoP8MpLG",400
"1KtbwbJFP2uXx44PKkRHF16mARNUxBCQAW",400
"1KYEgQweLyU3ByWcgSSwoVKBqM3aYYknGW",400
"1KKyarNG1khNSdZfKUCfLNBgWesuGfeKPT",400
"1KDDjz43Jo4MfWZL5Acmpd2oTTE9MTAa9T",400
"1K9xUsay9PYaaht2W9GTrXQmCbYCX2vDyC",400
"1JozefPTC9GF73wWKbMJxpgpAYWdVtZ1ji",400
"1Jg28Qb5wRJ8SvW3a5a4BFePfHcdBag4Bq",400
"1JVjss7trh9PCmgywJajwQmURGzsCUdSbW",400
"1JCGz7Jv5h47A6vS4VfLacNFpsP7VFcvoy",400
"1J1udZb7WC8Uq4MyfrX886mvP8nBfH8oWY",400
"1Hot4be3ZZnkUjsr6E4fYW8a1SMmVkBd9m",400
"1HnmubYqdadtxjmNqzYNNGTB9gofwgiocq",400
"1HPBZeex82731DNVYmNBw83RaRiUD6HKt4",400
"1H8sUfbPpS86y3HaazBCs3e74tPEb2GX7k",400
"1H6QFzCqxvTgpcEGtygQivy2qmPEN8obqm",400
"1Gqe3kYe7ikNDqUmFdk7WC2EgAcQ4ebF96",400
"1Gn24gMmfyAtV37hs56h2hqiP1jm8MqLhH",400
"1GMfnKGVr2QaRMurddbuhLZjw3afaP8d3i",400
"1GDpex6QU9CPXgBw2ytzz5UAHiBJYPRKDv",400
"1GAtULVtVDTSyNhYq85jtXmeJvvBUKzRtA",400
"1G73n624jLCSeSt5AC1PZH8FxWRRKepys7",400
"1Fo9auNghdd9cwXQ1Qa6A1FnFH7gGJzHNg",400
"1FjV3SBEtgfxAX4wP8mvZ1zAJbKkqzspGx",400
"1FhTAMRE7bv5JuCBo66SfVJ7kQBAFmcGqK",400
"1FYGKjktWgykZELjHKf1NTEk9T8RcNL4tu",400
"1F7BUmg65kZzjoh9Ajw5nb2E9scfwpRjjP",400
"1F63Ftf4iVsVaDhwCF44KbHVmimMWwAbPC",400
"1Eu8bt9BTSHW3K6bzvRUtcvYPE6PsAywM5",400
"1Eqeu9Wyk6jS1Kdaiq3hsdkRnC4J8LC2cs",400
"1Ed1TmQatWQUN3d2afqj1kyB5WM92gqpj1",400
"1EMPgxXduTCpbD6AR3mQTiXUx5fpnjXgsL",400
"1EKN6fyC9soR3qpCNcCR3Euyaa5erbe8bb",400
"1EDLJwM2QU3G4JyX6LVhv4zQQBAHvUGpaF",400
"1ECUpDTKtVx38oMxAAjPJAhAzYy5gCTsDk",400
"1ECB2sTfcjJ2aXDWKJm2CP1MG9oBrhnyqu",400
"1E9X6xsJe2o4zSmiu5gMWZqgS3ZkFCVDhM",400
"1E94CnJTENELdvS3nLTHr7eJnLdx97aRXD",400
"1Dw5E4hazrFcLP1ZY1UboswWqW2nmKKV8u",400
"1DuusddZ8rfAsu2iA4QxqWk6NDkLuR6YtR",400
"1DhSC1e1FtGNcFPWAYk2QhLDKQv52NsrQN",400
"1DF6t1cz4DCpy1MPH3XRaGp4wiBYyCnThw",400
"1DEfdPL1dP1VDSzFuAd34dnT3nRs41Pmqs",400
"1DEZd9aawYNzkbuAJUr9WcasdDBMMyTpva",400
"1D8mxBNu8WYd3U62LsnHm9kT7J3qX23ta9",400
"1CyY5uobh6LJiogsnXp3TauqUsdyzGU2j4",400
"1Cfuu3vC4zWB8L2FXe3rytw62H4m8vEDpY",400
"1CVkFq4B73o8BDBs3XrSeDEpqZkDvJ3Fio",400
"1CVT5FCJmeQwK1yBzVLrFLJaRH4NMpxmxF",400
"1CPBHASG6mcHcGhfBE2EUPPsWwvU6NykJp",400
"1CEc4AH2i8uvWkHxeFgo1R6f4p1NcArnYY",400
"1C3dagUXQ1Z43NtjbJGNhxz7DyWY66JfNm",400
"1BypmwdAnWzUdM8z5NdRZryPPfGtMnaDza",400
"1BiyPGkuu2c875NA3Jn14kWrsV23k4yqz6",400
"1BdvC2AWrw5U85bJZEJwrT3j1FoyvGQJ8v",400
"1BLyoJuR6JbHQp7Q3RGMk4WMbJqMQyxEM",400
"1AdTQGZM2CyjJfvdrR2bwjBUwkB7nctXoE",400
"1AaGDnFoWNdnh5AvZi156vKExquJqfccRH",400
"1AX3Y87FyDbHwc16KZieg9k9HYtjZsuhuZ",400
"1ACnXoJEP9ickTnhJ9emjRwbREnPasJV4t",400
"1A8sMHLyEDeYLGbSX3LfZFpkdYMh8EpZHe",400
"19z2W3rnbN8jJEdFqb9Qz9o3nBym3mUeCS",400
"19uLdhNepPhKfVDdg4D1NPThpYFnByBLoY",400
"19LVTjgpVC4k9HeLxRQYmYKdJQXSEnQWDK",400
"19HFtgjQMDqSdQDEfmGTiH6Ndywz57iVgh",400
"19EbQkmRAwYPS6VpZ7radYB3UP4WdkWhE7",400
"18kijXxtFFZXJxm22z4kg1coxKY5vrd7KY",400
"18g53SWSk9yKP5jt9hLJaNdaf3yhXJ7zTs",400
"18cwQ6G6SEn18vBqAppNWx4BhVWnnNezSK",400
"18aaMvmRqBDvyC8kufV61jVMeRRNzUPtSe",400
"18Q6GBicPQuZK6Uz2z5MbX7fjZvcpo2F54",400
"18Pfa74CzBiXYHkkgZDn5UX8uu2RuELR8i",400
"18DPFAHRFBvpoAns6aD3vzmKZaNkjBDZ4y",400
"18BdMAMvP3wj5JkMaLniF4VmZ9kwXE3QAM",400
"17oh1vsw3432ZHdeTPLNVC6Vv1KDXtguZv",400
"17hGNhNydf5VTK24sAPWRTwzT523Lmr7GN",400
"17gkzMXebKeTb9QrcTT7b2jZfJaUD5FhvB",400
"17fi7xV7Bz2YGZTXcCbSGVXt4YtSLr43Tg",400
"17ckVZDDVCfJwrur1S25qpVqT36eaztNWc",400
"17TNcHAp8dLkzAwxmZtshvTLgwLfdUAyss",400
"178jcuBU3tamFSzBqhEdqSp1ohAHZ9d2nr",400
"16wbH6e5DGwxUAU6LcbSR6u777z55EpjUQ",400
"16okq9wvRm4aetYzPJxkGc9GzAbnwA3tNq",400
"16cv7B9xEEKvymPssL7D5o9PCZe4nemZ7j",400
"16TxhNrtNDy6rK9e3vg6t1Z2Gc3ZtWde92",400
"1671PqxLNe62jJGwiAShFXQc5piqsjLm6n",400
"162GEH1juyKVFdoAstRuXaKe5sc4tYHMby",400
"15krAFGT7oVN7i1a6rwPmcF22V46agso5e",400
"15h3BR7LLsiosKhBK8NERToYVKPMFEp1bx",400
"15gJFrSnkbJQskjfoo552VJD7JtH9EDnvW",400
"15Y3VvM8xwr8XjkA2aKjhFiNpZWk7Ve17w",400
"15Q4ojydtq3hxpVpiN3WFfTe95fg9yAWKS",400
"15KwRtbzBiy5kakMswKSHmgT46H4oHwrP4",400
"15Bi9P8eh1nAJC6Z1J7ugVZGmtXenZzX3U",400
"15A2fcgTWcS1KUwYPZHZRNteiofrf1cr4C",400
"154JsrNbos6CGYco5PKJr2CcKbJ65ixPZp",400
"14xkXfG5e1kHMfFRnu7c5VCU1KsGZR2Dkq",400
"14fWq3s7qt8mgCDQDFufHuZCmpvYnUZmVn",400
"14TU17NkswWvgrub2KTqfGu5iEMqGypR2H",400
"14PxEGLQpW2uwpbQMm6WLDvnYGCVC7euky",400
"14PUebVa1CpYuFVEvdyCB1vG37SpmBtWQL",400
"14HkcEuK51zSzb8ocQxVN6iS7eZz9WXRc6",400
"14Fbm8GuFJUiJ6fqE9vNBKL9H1Ukyj8Bqv",400
"13y4nywLxwAVphCrocjt69677cvMjZ28cM",400
"13rWrTxxiNkSgKfo7y8x6vPwcsuBqEzMp2",400
"13TEo9zNu2Yu4ESH4zth5VshzxrcK57HhP",400
"13Mqe2bj5reEpj8oJKGzw5qFc1ga32FP9Z",400
"13EjSyHa7C5h6rieVNEbT617X1u5uz7RCj",400
"13DZtFJUc836RPRkisKVMudYagGXXfgRhn",400
"13CDtAWquhWYxJaZRDrBRrm1KkzR2am6Hf",400
"138fsico2TJcYV5SU5uQS2Jahq55ouS8yg",400
"138BkBvhXbsNJVHTLtV1o3aj8aSXsxkufG",400
"12yCYg7aP8AGDyXjsKrr9rVfgrcejH3YYB",400
"12vtmq2t9TMQCsntZiw5iHRNGoD1douzhp",400
"12Wr3wPUwhvwwLttNyJwS7yrrqzd72NVxm",400
"12TsqDv3XaP66eNHobMtWr4P6UzyRT6L36",400
"12TGMyEakQLkBXah5vLVNjWbDZkgVtEsNp",400
"12PAcwisBJYWH6EDMMyBtZqpNKty3RSV9o",400
"124Nd4R4TxZ4sFbzzWxrvHjP1EFvq6U4uq",400
"1242JGU5HCA3s45kdJEjfkigCR3eT5TV7X",400
"121FNYVATmAigvaVkkJm5gATE9pvxktHzY",400
"1218c5mEp1SdJLof8z9r3VbNTCfFVYee6D",400
"1129qZbP7Zka3Sn3ww5fMR1nVYqq7hGJ1f",400
"1AuCJHp1Fa9AMVG1ry9JRDYQyMDS1aihDi",5000
"1F7BUmg65kZzjoh9Ajw5nb2E9scfwpRjjP",5000
"1JgfZDe1yGEdmwqhyRiuZ2jxyEKtt2XwoF",5000
"1FaXWqfu8kq4uU6U3GYievnrG69hZry171",5000
"13M94FuyZbuCCZxoMiszcK1KTPppXecqnP",5000
"16WLUZoxSwBYoS8DMJ6jt8J6tyfZhNKfeC",5000
"17HuRdg8o9apFRExmTXhV3uKeB54QSLCK2",5000
"1Czf9VPbhufvMvKt8TyFZax9EoMSrgfGa2",5000
"1A8sMHLyEDeYLGbSX3LfZFpkdYMh8EpZHe",5000
"1NRNYQr6WZXFyAsMz5pyieLnLN6goK8sCR",5000
"1N3mNEExvyPu4Zv7ayxvGf2ymiDmxEmbj3",5000
"1FGhBQXo8jhMJDZ5LWqxgkAWtVWM5RexrJ",5000
"19ufSwG1d4ZQhDz8xWZEyDTLrcLvchoSWh",5000
"1LffJmob6RzF4FRYbGGJf5JRjy1mCbYmZ8",5000
"1GwENdEQSRuHjpvVSbrL5jJF9AJGmQsmYZ",5000
"138fsico2TJcYV5SU5uQS2Jahq55ouS8yg",5000
"1NkTepXCLJwFEtv4JGtthC8V62uyUSFeoZ",5000
"13hD8qTKWKof9RNDzQWBPBT9BUao8wv7Jt",5000
"1LTtmF1Jx5RVJvLMv4s4s9nQh5CMkvWXXh",5000
"1DAboSNJXwJhF8Zbxx7Yjiq2JpnzHfEnWf",5000
"1DP1zrStkaUvvdrMYjzd7eDjFX4UVydLA4",5000
"1CKm9YZAaYYEm7ZrGeafEZBzgaS1dM94AE",5000
"1CVT5FCJmeQwK1yBzVLrFLJaRH4NMpxmxF",5000
"1DGsqGRjFXEdqAGWmCubJv6ke5Jd2xeFjn",490240
"13jizHLRCgeeD3uDHZJGp7Sra7ZuYwwjZA",1140000
"1F2g9xbUZjvaXtUEAK88vAi1ViJBKcLpyg",1200
"1C2PJxFpVV8LFV3rsh9ohTYZCRScMnnuWs",1613
"15epbtG8reKd9d1anoNvyFVYCYLtb5WnA4",12
"16PiMYHagczwYePuEmEZNnR8gTgfPAJHFk",4
"16qujgeYMay75E3TnzYRP5L3x6iAVmAwn",3
"18MjktKzCJVUE7rfvTZSSCRd7wtCLB8nbg",900
"195RK2kUTiNGspe9k9KdVoK4ES3gNuos4G",2113
"1M9fdXKirajPHcPXTAJk7qnSy4hNJhGetY",404
"12AAmF7HZSPVhYdrq7tUFNLUNYRTof2RMm",303
"1BAdu2CY22fgyqtTj7W88VCrJ7o5at3Qxp",6645
"13MiMN9kV3UCmnMbTHeVCgWwLnMsxZ9hbD",72000
"1JFhdTCntqCzrkamwaZ54NrucEwf5WdXzS",979700
"1A7aRNcoqmdByKnuw4MvWdpMSME4Ah34rT",1000000
"13HxY88BpDmBERpuTn1XoVLKH6CU4XbKvr",17714965
"1Kcg7cHptLMu6CoFh8mNVYbnhAcB32Tse3",17827416
"1K8KubXnytxPaa6rjheJtm7o5oSezWCTWd",23395844
"1HxayyiE8SE89bVQoHuFwwx75ToP4gceBB",190960938
"16Jv153cfYjCdqPDawtsW7jENo6ouRRrrv",1020691
"1HRvnP76sL3xeNqKSeRT5NGqXPtERpZaZ2",1016327
"12cnMy98hUyHhMw1ZL3FmxqjGJ9tgMcZs4",1016146
"16wLBkqtY1WhWB2G7TWXnCU67gyMq8e3Ft",1000000
"1P7VYcnSCFZLPuYWJyhEZTY9BB7qxYVyZW",1000000
"1GgKgNCTe87LET5c5sf6bG3B4iWw6eaXZ4",1000000
"1KHbzzj81M1UqoiDzEq7w2crjDArMbrwFS",20000
"18s1HcGEqmroJAr5biKeNaDuqPyXinoDzL",7525
"15u84VY4aRSbai9KwyR6EdRHM76KjoYPkB",2300000
"1EYhaqBTM4J7nyjP3LRTiHnbitF9h5t2he",5460
"19UqC11xnk7heWD5NoqTWdTHG5S2i4sT6b",90000
"1EYhaqBTM4J7nyjP3LRTiHnbitF9h5t2he",2261626
"1KnSiokmhRzPbb1ez3PjCqydq7PNRWpnAe",22500000
"1DmZLuCvNaDKcAZP77N8kddphULE4rBN2C",14640
"1Fpmv39pB8VzK6RAPiyZB9RcZCVy1TTZNr",10800
"1C21FniNparw2UoDaRkZW8jfnDikGWMivA",15680
"13oZ3gsjaqDnSmh4pzNzn838SaqnSwcThv",13680
"17gC6st5RQC6Paefn9xjFzUWFmyj65cFa",12760
"1KsmKW7DaYgcQZmM4qtT6a2FyuUdhCHNpX",12160
"16L7PTC9fHuaHrrVho23EGUZzaZZwoYgqt",11520
"1E3qsZ2a2SsTv3BHqGp76zx5yDSqyvhLbc",13370
"15bX3qWdQXXtVGQki5tqiY2S1LSsGjdxjb",15440
"155scEK8XazdzmLsJcQmiwBt27nixhW94N",13040
"1DFDRGYbciypFPeVyPPD7cNyyZJqiapC4w",13840
"1FLgw5BPWTwFn81E6JPRwKMBcMWUCCTW23",15440
"1BC5PunTGF6zQdD7Vh16MRth2WdbNfNUr6",11520
"15krAFGT7oVN7i1a6rwPmcF22V46agso5e",19660
"17GL41tMqFt2S8GJkN6VLhitSCzbXUxmKa",11040
"17V8sSnB45Ld9E9RvGRtiGaKbUX6phgsAB",15520
"17ggLKi753zoWQs1Ak3w1VW1kEYPGPDUvd",12560
"18Zy4s33WhwusC7JHEckLKBSTtH4iKETwY",1500000
"1NJyYwMj8qnc4ZcLMbAksJKeR8B1qZt58A",28605
"1EJkBGwztNJ6X4ni53TMxWypVTPvkhiVio",1218343
"1GXrN77jae22hkLUoNwAiWNytEMsP3fUqY",15000000
"1HTW2TW61atdRLQDwdGpsgqXyrXU25qeGv",2000283
"1FvxyyhGZE91Bk8ZUSWU141GaBrj72CHnd",890000
"1ZPA76WpCnbCbSzrB4r2paVwZGtuUfn52",1000000
"18FdMdpkKKXJS4EsKu6Ei7Evc1hPeZV7rS",2150813
"19iubgVkVWj9UBuoYyzvbF23pD5qALfMo5",24847
"1F2g9xbUZjvaXtUEAK88vAi1ViJBKcLpyg",1200
"1C2PJxFpVV8LFV3rsh9ohTYZCRScMnnuWs",1613
"15epbtG8reKd9d1anoNvyFVYCYLtb5WnA4",12
"16qujgeYMay75E3TnzYRP5L3x6iAVmAwn",3
"18MjktKzCJVUE7rfvTZSSCRd7wtCLB8nbg",900
"195RK2kUTiNGspe9k9KdVoK4ES3gNuos4G",2113
"1M9fdXKirajPHcPXTAJk7qnSy4hNJhGetY",404
"12AAmF7HZSPVhYdrq7tUFNLUNYRTof2RMm",303
"1F2g9xbUZjvaXtUEAK88vAi1ViJBKcLpyg",1200
"1C2PJxFpVV8LFV3rsh9ohTYZCRScMnnuWs",1613
"15epbtG8reKd9d1anoNvyFVYCYLtb5WnA4",12
"16qujgeYMay75E3TnzYRP5L3x6iAVmAwn",3
"18MjktKzCJVUE7rfvTZSSCRd7wtCLB8nbg",900
"195RK2kUTiNGspe9k9KdVoK4ES3gNuos4G",2113
"1M9fdXKirajPHcPXTAJk7qnSy4hNJhGetY",404
"12AAmF7HZSPVhYdrq7tUFNLUNYRTof2RMm",303
"1F2g9xbUZjvaXtUEAK88vAi1ViJBKcLpyg",1200
"1C2PJxFpVV8LFV3rsh9ohTYZCRScMnnuWs",1613
"16qujgeYMay75E3TnzYRP5L3x6iAVmAwn",3
"18MjktKzCJVUE7rfvTZSSCRd7wtCLB8nbg",900
"195RK2kUTiNGspe9k9KdVoK4ES3gNuos4G",2113
"1M9fdXKirajPHcPXTAJk7qnSy4hNJhGetY",404
"12AAmF7HZSPVhYdrq7tUFNLUNYRTof2RMm",303
"1F2g9xbUZjvaXtUEAK88vAi1ViJBKcLpyg",1200
"1C2PJxFpVV8LFV3rsh9ohTYZCRScMnnuWs",1613
"15epbtG8reKd9d1anoNvyFVYCYLtb5WnA4",12
"16PiMYHagczwYePuEmEZNnR8gTgfPAJHFk",4
"16qujgeYMay75E3TnzYRP5L3x6iAVmAwn",3
"18MjktKzCJVUE7rfvTZSSCRd7wtCLB8nbg",900
"195RK2kUTiNGspe9k9KdVoK4ES3gNuos4G",2113
"1M9fdXKirajPHcPXTAJk7qnSy4hNJhGetY",404
"12AAmF7HZSPVhYdrq7tUFNLUNYRTof2RMm",303
"1F2g9xbUZjvaXtUEAK88vAi1ViJBKcLpyg",1200
"1C2PJxFpVV8LFV3rsh9ohTYZCRScMnnuWs",1613
"15epbtG8reKd9d1anoNvyFVYCYLtb5WnA4",12
"16PiMYHagczwYePuEmEZNnR8gTgfPAJHFk",4
"16qujgeYMay75E3TnzYRP5L3x6iAVmAwn",3
"18MjktKzCJVUE7rfvTZSSCRd7wtCLB8nbg",900
"195RK2kUTiNGspe9k9KdVoK4ES3gNuos4G",2113
"1M9fdXKirajPHcPXTAJk7qnSy4hNJhGetY",404
"12AAmF7HZSPVhYdrq7tUFNLUNYRTof2RMm",303
"1F2g9xbUZjvaXtUEAK88vAi1ViJBKcLpyg",1200
"1C2PJxFpVV8LFV3rsh9ohTYZCRScMnnuWs",1613
"15epbtG8reKd9d1anoNvyFVYCYLtb5WnA4",12
"16PiMYHagczwYePuEmEZNnR8gTgfPAJHFk",4
"16qujgeYMay75E3TnzYRP5L3x6iAVmAwn",3
"18MjktKzCJVUE7rfvTZSSCRd7wtCLB8nbg",900
"195RK2kUTiNGspe9k9KdVoK4ES3gNuos4G",2113
"1M9fdXKirajPHcPXTAJk7qnSy4hNJhGetY",404
"12AAmF7HZSPVhYdrq7tUFNLUNYRTof2RMm",303
"19TW2xeUdGsuUFAUekZTE63G72ow4c4qDd",1000000
"1BGagLu83Utec4ViJieWHZKaQfoLzYCPsS",10000000
"1PPGzyygsFftLvCDPFmkZVUmTDSMexCGnJ",1997040
"1CtjSRHFc3qEC7hy1d9aGNUqBDxfzYNLo4",100000
"18F9PgBL3XM6Jmz7649C3N795XLmfeLtCm",70000
"1EDbEvJa2mW3GNhJYz2A9De7bjJKkYBofK",116550000
"1EDbEvJa2mW3GNhJYz2A9De7bjJKkYBofK",10000
"15DivvrLQUX4eCy2j5Dc8tbJdZwgeWJgVY",1000000
"1435TuZsULKbFq7btviQetvKrKqaUitMdm",9365400000
"1EDbEvJa2mW3GNhJYz2A9De7bjJKkYBofK",10000000
"15e1HPS6MSQeis7wfzYjDgX7jaGSp5UM9T",30000
"1G5TuA1PJjGrM343qsSA6uoLoLeKKr7nMC",10000
"1Q1gByE4gqJcK6UsEgnjeYd9KGx1tz5S5b",10320
"18DK5Vq6hcLNpE5k5hJQsuqoyCYA3Vgf7o",13040
"1Bx2sg2X2JQZs3P6QwJSBTtgvrqdp5zQzq",10830
"14xAzHG9sa9kB2TT9Zi61PPMsj7UAubbp4",10080
"16N6dnAnvguTWRzxWQFaDscKRqbakgAoGB",10420
"1M1Ezsj7cEpawS9kBKcWjAeXfZ6PDcAcVw",21120
"14mZtcQxwPrHjqJ88UM762eyrGuEGBavhK",17200
"12DLNz8kfU2fn1YHkK2fQf7UsS7z76fgru",25040
"1NLJCpjF1U2XY5xLP1cD24NV7281GkkzEJ",17120
"1Ci2YADdbga6F9dTteKhykH7RsKcZWfTKk",90000
"14jergmdDqPqu6BJiWJhM6NJceno47XK6n",9368559
"1HATFR7h2vjAi5yGm8SdpFGegdiLt8ta5Z",1382084
"1CZAopNSv9ERXN2y1joNoNaxnUHsESUbNr",64570955
"1CQuR8ocz7M4nfH4XSi8kGuqkChxNHTDnZ",59989394
"1Bn2AyT7JgYcig4iBhKVaWuhedAHSATrPT",100000000
"1CG5MTkAqBJe3aCi45sbfEhikKH7YLvnEi",257700
"19hLw499mUtJ1oedYMnDMYc28BnoVW5WW8",2145614
"1JqdadgxgxrnbEnfvohxtaSNbHt52kVLtC",44166517
"14HePTugEisyay5PJyfDfQCFR8hMGuiQnb",30428
"18iLrRL6U8zFXcNiBQX9thhVYMadarmkgx",1534423754
"134RsjvoDJ4Ud6YvpswgimkTw3dWwtzGpn",110000
"17AtAU82nb8kVJvyFswYXm8L77tDFA2vns",6388
"1F2g9xbUZjvaXtUEAK88vAi1ViJBKcLpyg",1200
"1C2PJxFpVV8LFV3rsh9ohTYZCRScMnnuWs",1613
"16PiMYHagczwYePuEmEZNnR8gTgfPAJHFk",4
"16qujgeYMay75E3TnzYRP5L3x6iAVmAwn",3
"18MjktKzCJVUE7rfvTZSSCRd7wtCLB8nbg",900
"195RK2kUTiNGspe9k9KdVoK4ES3gNuos4G",2113
"1M9fdXKirajPHcPXTAJk7qnSy4hNJhGetY",404
"12AAmF7HZSPVhYdrq7tUFNLUNYRTof2RMm",303
"1CtjSRHFc3qEC7hy1d9aGNUqBDxfzYNLo4",100000
"1CtjSRHFc3qEC7hy1d9aGNUqBDxfzYNLo4",100000
"1CtjSRHFc3qEC7hy1d9aGNUqBDxfzYNLo4",100000
"1EJRqmz4FNyEtmZXZzQpzgYiNqWGNvGF8Q",10369283
"1HM6Fch5VLrYNUPhx5c5Ld1W9xhXEX1Txk",50553998
"1Av81iyy7ZFXK74bVPeYBsCNDqgTm76Abu",2000000
"1F2g9xbUZjvaXtUEAK88vAi1ViJBKcLpyg",1200
"1C2PJxFpVV8LFV3rsh9ohTYZCRScMnnuWs",1613
"16PiMYHagczwYePuEmEZNnR8gTgfPAJHFk",4
"16qujgeYMay75E3TnzYRP5L3x6iAVmAwn",3
"18MjktKzCJVUE7rfvTZSSCRd7wtCLB8nbg",900
"195RK2kUTiNGspe9k9KdVoK4ES3gNuos4G",2113
"1M9fdXKirajPHcPXTAJk7qnSy4hNJhGetY",404
"12AAmF7HZSPVhYdrq7tUFNLUNYRTof2RMm",303
"1Ln5ZE63Zy63j6oXyToaBKNVch7xUpTFW",1000000
"1B2cAToyWgpiQMNoLpk36S74bwfxcuNKc8",5984000
"16wkFjN5LxEkqMBWnYCbLhRQ7ymrXdRUGo",150000
"1LcK7rwFpbw5uFCpcEUQ5sFSJzWfWcTY1s",810000000
"1CdFPdCZ4KNX61onP6EHa2rNiXTxxbMzfx",5000000000
"142HREN8GxCSYFHh95x2NvWXWRtURKWLhY",30000000000
"16yhp7WJVhfnFAAHnYSWwPyt35gRXi87Vz",150000
"19FpHjXhrXNLNgephUiZZx52af5WsRHu1Y",3135163
"1JPjxcfVQubho4S1fc5TKuAmNpF6m6krC2",100000000
"1AiFpUKR2F7QW3uxZiNqArdSknuYBcVTjy",735302
"1KYEgQweLyU3ByWcgSSwoVKBqM3aYYknGW",12800
"1GzCQuB4koxTU3xyThECcNbFUVJeVb3evf",10320
"16zCe7r1FhiSYRapUNYraHWEaeBV6ByHkc",13040
"15Cn9i1LGXZvLuK2hjESXLHgt5WSUERwyZ",11280
"1LEyvJV9EvUZay4owY1YBbTSyggrX8KbEm",14620
"1C9sg7hdpfSUFcob3kGiP4S894foWvLh7Q",12160
"15YXFeS33AfDS2RN9Dn9Bo7WvNixwc9pun",10320
"18kijXxtFFZXJxm22z4kg1coxKY5vrd7KY",15440
"19afFH6HpdPK2j1EyabM3NvsQLZeFjdkeh",11360
"1BBjW1kFUVtf9qQCXzb5yb2U8sJREfxBtA",10070
"1Ax9mv4vQbJmad3XLmXW9LvPoEM2Mzxmxa",10720
"1Ajjp8YcKjQndtmaA39MQFfiWYVuStXuJi",14640
"1CxmP2mQrDqAaFh4oK6LVN3qdssdViCGPu",503801
"1MzKvRjxBSfXYEBZL6Tj3EGQHCvWo9ZpFC",6173000
"19FpHjXhrXNLNgephUiZZx52af5WsRHu1Y",1464192
"1Hep7YMNM1iMbRukKpPdVA2CRajxDz35jK",1000000
"15WtEzymb55a985ysv8RknK3uELq1cQ3N2",1000000
"1NdvfycQ26CGJACofrnVP1f3hyLiTB25bM",30478
"11chSsSWrsQSSAhraooZAu6vNP4qsMKzy",1000000
"13gTh2N5RNymV26QAkDvx2xa8uZxcEmRdE",211730
"1NfP5Yr5yUBsMLMQtgbVEi3TymVaLBFjaV",16000
"1BZVsqA1D8wXPDzaNwCRaux2ZqhZkmvVUw",17440
"19RfYSST4PYf2L3MwxhMvyXawR3Mw8FWUU",23200
"17f5Ef4BGAsVo5qXxTYbEQ9oWS4SBMVLT",80000
"1HZbjDcMiZ1oxnxNDAGTssnhBLJNNGeBSZ",96000
"1KKhHFjERpq7fPYRDp66FdD6Bk1fRfXkMi",100000000
"1B7VxVzib2Qcv2UpDZoVQC3txFHixsTd3z",10000000
"19GP1D3BPe8K8uvbTaqxLzXPyBFj9GhHrL",100000000
"1FpGFq315LZ399MjS9WeFqptv6Cu8CJKWc",7710000
"12TiVByjkQjFK3hCzPiYZpoj4ChfsSwHUt",350440
"1Q4UUum4YDQJqKXN7Xvd2s96bwcmt6PaPH",5395990
"1EwzPMJan18uaTVWSJtL8bbrM8THv4dEuu",6000
"1EXoDusjGwvnjZUyKkxZ4UHEf77z6A5S4P",6000
"15impzujUosMLRBF8ps3NdznYTc87Bnjio",650000
"15DivvrLQUX4eCy2j5Dc8tbJdZwgeWJgVY",1000000
"15YPV1DbCoKA1P824Uav28gfXaLhWNjMfg",20001000000
"1152rJHWBakqj8YFWXLa9A6arCXxTaGxpi",100000000
"1GdQHQZjXJ3prMH87gE3HN2TsEjN9m8xtj",1050527
"1Hvuebc9LfZwfvUZuD1ixLehoZd37nzPg3",1020936
"146XXEzLB2PMGhLhcZgLwL1CB3zgqsVZL7",10377142
"1Ku3kU8wrT2ZeM1GLx7aZYZcADYDeVuoA5",8022759
"1PMFP9yaMVn6PvZR2TWqMLRoQVq2ZdtaWG",90000
"1HtqtdaAk1K9Yp3hpU23jJfjVQAPQkhcZx",1000000
"1Hic8TqpDQLwiQ2WfcbYNThLiPFB64Mp8a",30000000
"1EMhbN1cFoFyojwNSq5Egb6uJR7yyPqz5m",2986043
"1CtjSRHFc3qEC7hy1d9aGNUqBDxfzYNLo4",100000
"1CtjSRHFc3qEC7hy1d9aGNUqBDxfzYNLo4",100000
"199p5S4uvVsv6Lj4r2L26WpvHXuBfPHore",1000000
"18v9G1JG1txdDiNzjpJ2FVXvT28AG8M6W7",26985999
"16JhTchkMkfhHRnAVU9kD83XVA62qYqCy5",2027624
"1CyRLMjQas4LDBNRgR6BrdR239GY94uPtG",90093
"1GYx8copUuGsmSVduLkkavMBwUQCpPzUb2",8094
"1AytF71J5oVhruq8aGQPmR6ocy7s3SM5RC",41053
"1BZgaXKiNc8ZStcZi5WSap7SufWkQSG8jD",5221
"16bp5F6aqNnwueyRMN1puGgu8DBje5yZ87",14
"14B3XNatP8oYgqz5EXxz2i2xiRwBoP6ARU",12
"1B9mc4KhFb19KH7bJWAbi8Ed7ZGrw1ETao",12
"1Ev9PSv6cJ7Q6RmhG6sD8KZiycTsGY3SRg",3
"1FiFX8T7QpUTNaFGpz6psPV7TxwiMiHNDf",1808
"15WCcnVWYWDeJowm5t66i7Lxck5AfmUeut",4877
"14QtnJ5h9G9dwq3b2R786kkJjirmuk2p29",1503
"1Dee5m4DhcRcuyPtBpDRbqfpX5sigsyAe7",1200
"1BthspHrjnFtpZU1LGzET3JiqVUctjKqqS",4
"1M9fdXKirajPHcPXTAJk7qnSy4hNJhGetY",4
"12AAmF7HZSPVhYdrq7tUFNLUNYRTof2RMm",3
"1KfyDjTiMwgXsodHCRNFhNdwK6YMivbnZi",400
"18MjktKzCJVUE7rfvTZSSCRd7wtCLB8nbg",4
"1FRtWsWitMEZ621cJYVzrjVb8mwesrPtmc",1200
"15qxpUmPGVMWwVGtVLKvCjdGQp1zVXuYMi",4
"1MX6si8bWNufaM5LTDVL9eef58pCALyufR",10
"1AfnqWwVsYiJXqAD9NHFQezUS3UUxJrgeK",8
"1NDDTmwocUQkNfPCiErXRCi1ybE2rSCQaX",4
"1J1X34jw3bvmHfYv7uDPn1ydAdfXxhCguS",1200
"1Jj4vkUxpGvczJYGNZG1uToPL3dNqjtQJU",400
"153XLPC1tiDp1NySXpQMJGWveSFt842oty",300
"12DoYmi3BzktX9HuGLyXwUwe91frbqqxNr",1200
"12XiJo3sJpXJthzkouFSRGqYMWhJ1Lr87k",5
"1FcJKYweLcbvY7EFp2gkA53oHuCadNbD11",5
"176VRB6nUvpXtHpZkyVT9fe4qAZ9D9tZkf",1200
"195RK2kUTiNGspe9k9KdVoK4ES3gNuos4G",900
"1BTGgXzzekMm6sDogZAzwidgiKgpUtpNRi",4
"1GDQzGXyXNJHyChc6KeTn6B13oKYgAnpEz",4
"1F18RWc74eY3aaSjtoa1iNkqxSMtcoPG3B",5
"17ZZgZvYCjxBWWDUsWyQ65AmPvC9AoRe8",3
"1AgothgjeZ6knsb1Qvxc2bvY1JayxZFDJL",1200
"1NDDTmwocUQkNfPCiErXRCi1ybE2rSCQaX",400
"1B3n6VrdEL6wAkazQiJyQURr9MmghBxUEy",8
"1AfnqWwVsYiJXqAD9NHFQezUS3UUxJrgeK",303
"17kX48p7yCrNUJoV55F8Wmzvfx9LKJ8FSU",400
"1KkACqcuhDkhUfdBzPxBhxLJS6J6enRtPc",1200
"1A84VcYohQYm5e52CFCqtyVsRX1s1H9a9p",400
"17kX48p7yCrNUJoV55F8Wmzvfx9LKJ8FSU",4
"1AgothgjeZ6knsb1Qvxc2bvY1JayxZFDJL",800
"1B3n6VrdEL6wAkazQiJyQURr9MmghBxUEy",4
"17ZZgZvYCjxBWWDUsWyQ65AmPvC9AoRe8",8
"1vvZyvQZzKvnJVEdU9A1qHd2uTwPS3voi",5
"17pd5VZcxUw4BSJ39MQCQTtgge7Y59kCQ4",16
"13JnZ4mdzUhsSLuYn6HaPzzADUVWQhQS5w",300
"19NpJqNUjhFhxPkNx1Xu7rR1Ri2X1HPxAH",4
"12AAmF7HZSPVhYdrq7tUFNLUNYRTof2RMm",4
"195RK2kUTiNGspe9k9KdVoK4ES3gNuos4G",7
"1BLyoJuR6JbHQp7Q3RGMk4WMbJqMQyxEM",14
"12AAmF7HZSPVhYdrq7tUFNLUNYRTof2RMm",4
"1Dee5m4DhcRcuyPtBpDRbqfpX5sigsyAe7",4
"17ZZgZvYCjxBWWDUsWyQ65AmPvC9AoRe8",3
"16UhBwFMxVKGCjCghisyRaRWH3mJBsyZn9",4
"1vvZyvQZzKvnJVEdU9A1qHd2uTwPS3voi",25
"195RK2kUTiNGspe9k9KdVoK4ES3gNuos4G",16
"1DD5iag74MdHCevyTcsJ6TAV5sezzq19Yc",5
"1MEmetd81BmGzUQqkE5fKXPVxY8CkFz3CW",4
"1BLyoJuR6JbHQp7Q3RGMk4WMbJqMQyxEM",8
"16UhBwFMxVKGCjCghisyRaRWH3mJBsyZn9",409
"195RK2kUTiNGspe9k9KdVoK4ES3gNuos4G",15
"1NDhgSHh8mchvDzXSraUZnDuLdrmTDymSd",300
"1DD5iag74MdHCevyTcsJ6TAV5sezzq19Yc",10
"1KkACqcuhDkhUfdBzPxBhxLJS6J6enRtPc",400
"1B3n6VrdEL6wAkazQiJyQURr9MmghBxUEy",1200
"1DD5iag74MdHCevyTcsJ6TAV5sezzq19Yc",409
"1CXkstLWYX2JTUPMMPSuuDuwHWietBfnn7",4
"195RK2kUTiNGspe9k9KdVoK4ES3gNuos4G",915
"1AfnqWwVsYiJXqAD9NHFQezUS3UUxJrgeK",3
"138BkBvhXbsNJVHTLtV1o3aj8aSXsxkufG",4
"1M9N6BVpYGKh1CKXVMi7qqsBMScYHRfwnR",10
"1AQR8hM7LVkZVfiH6QtrMFsC9QLwV7xAjA",10960
"1DReu7HzL42j7SyP3YXPAjUGS1d9azQ9vq",10530
"1CcS4jjmw9qt8zezj9Sd17X7FdiNapHtiD",15470
"1B3EnzUwaoRrMFoswuvrpyi6zJtEo8gdsy",11920
"1DSuDqFy6mRhtMhT9WcpCqD8P4pHV9M2YK",15120
"13ik4V2jZEF1axNJZcj3CSV3qv8mLz4VLy",11920
"1PHdwKuU9aGd1V8xFG4E6jwxcAW4DuLsDd",11280
"1NqHVwN4QCN9wiZM75g6hzWCje8ceArrfH",11280
"16FFRcYaFbSVcRcfijKF2nphcA5spLj7x3",127000
"1FhiKdMBwhXFi7Y338YjrDi1C7wQrd8zkn",735100
"1QgKdECW9LTGHMipkTSzZJzmFkVhR7RGs",224000000
"1AeaffELYaEFosoPZftzmZCit1QiaoXqpr",1000000000
"1Dvc1otCdpKrp7DVZeUcjNKt66WGGNHKhW",262546
"1Ftde6DaXHByPdCP4j1XS6BJa2Unt1kh8g",13212656
"1LgTEZEF8J96TrdophEcG7k2R5KaTY7PLy",8254
"19xU2gx74dDa6sz3yPFHA7azKgLD9vPQj2",20403
"138Nn44boEu9KhaQSiic7ZjX8q74sCSYeE",1000000
"1BPF4WZqQ3Vftq1DkdWfymgHxbQfs8aFmw",1000000
"14dvGqAXMv6Ak4kDiGpMU5GNjHrz48xxMc",1000000
"17PLSUXKgsEbgxUtmc1MheDfhD2s6ri95V",1000000
"16jspWuMyBNArzKCKBz4i2V6igjw5ihqNy",1000000
"1Prs955buEBAP9mt2v5JjA4KSMZuQsAfjs",1000000
"191efGFeri8KXSYJkGnbAQAZZ5mjCvzQtw",1000000
"168V1ntxHag3mFhnE6BXECKpYQ3FhNTcFJ",1000000
"1MAY247VqCPmRaYX6NAJYutfs7ZBpueyxA",1000000
"17dNikcGsBmXdzcgZYDPtK215tjAskd5Us",1000000
"19Wpdy2V4zQfDHhtrEzUxc37GBBN23AVq6",467826
"1P9CLxoCEmsGrT7pDmTYd4hznSH2VvPK1L",150000
"1HtqtdaAk1K9Yp3hpU23jJfjVQAPQkhcZx",1000000
"172BBK1gSAqvtTJGr8TpgE2QQredhLEmdD",1567459
"1Q9A8KWREWmQY2k9L4oZy8qQfLDT88d8Bz",3500000
"1GgKgNCTe87LET5c5sf6bG3B4iWw6eaXZ4",1000000
"1DVeRpskLiPgRd8wHnjpvA8VwFrXUTkEbr",56168579
"17KJ4uwdHvuiVDooWhM7SU8CSkgx7hNVMZ",315060
"1ZGamerZ2gSsKBP5GcMVBLGtk1TjVBnAw",100000
"1Astraean59dsopCxTwBf7TRz22GTscJrk",100000
"1FXpLykSNUUxAuVLU4ixDCk5ZDL4YF14Yw",6583
"1NY7o5jRrS1YfoL1N2hBVNS137HfjpFUNT",469918
"1DyQkqjU6LSAyDEce1uq9GoZtmpLGnbg6b",2257
"1NDDTmwocUQkNfPCiErXRCi1ybE2rSCQaX",14740
"13QNe2jYR1JKbXAfUjntF21yhJR2ayKhAP",9500
"13jseVY5NfkktrANkGb9C4d8sANUEhzQDY",14415
"1LWp8RcauGeF6X1y7cy4mys1u8YwHtPYrW",8570
"14abHowD9N7SGszWRBvKxb2eU5PcpqPxPs",6499
"1DEfdPL1dP1VDSzFuAd34dnT3nRs41Pmqs",8550
"1EZoBEeDk3PKWciAiYT7STHzXdVUwUPnjX",5500
"1C21FniNparw2UoDaRkZW8jfnDikGWMivA",7750
"1Gstmhf5ifuTtruHXVDYprfiDi2eTreEQZ",13250
"1CEc4AH2i8uvWkHxeFgo1R6f4p1NcArnYY",38320
"1Cvxp5Jsc7QXsB6BsDLrnZAyhragH41kiv",6000
"1LjHEEM3UR3NfDkNiff6bPn4o6BgwskwX6",5500
"1FrWioHYStF151rnu9NE9jk3nLntU6JeQ1",12999
"1EVKpjpjUPHBMjN2HJQKMmyXFvZr1ij51C",6750
"1DLG2n7r8HKeUDv3z5iz52v8ZDv6PNNtUs",14250
"15L2sPWrSXoN9rGWpxxpvMgiieLYb1NQ6Z",9500
"1CPBHASG6mcHcGhfBE2EUPPsWwvU6NykJp",14250
"1DtBwYdSFzC9C7US1WzUmvP3MLu6zP2xYS",6705
"1EX2LLJHQJmbpB7deLazHDRths5s4BHMRs",13500
"1jrupSiiJhnzn7HkKf9wNdXnzbsh3F9yT",23750
"1EK5FJ1GgpyDFASi44EeSv375nMn7rsF9U",9500
"1NkTepXCLJwFEtv4JGtthC8V62uyUSFeoZ",11000
"1DP1zrStkaUvvdrMYjzd7eDjFX4UVydLA4",12750
"1EcbdPeyeuVHp1sayFbUy6u2DyyunQXPFp",9750
"1FSmYXXYP8JNSBpY4CLxhTbXgzwGKT9jeu",28500
"1EQjxP2yiRu6bLopi5qMqANAcQ64eanpGS",23750
"18gtc5oRwjZEZMp1ETNVaUDa4KoZYPvqDP",8250
"12qCWQB54HxGSr8g5BsUXVyfhWwdDx4Fqt",6250
"1NRNYQr6WZXFyAsMz5pyieLnLN6goK8sCR",8000
"17397TiK1JMPCeNbMSsoHELJZMmUMkaP3v",7499
"1KptZKPifqV79ztCYoxRrfDErNtrkxoV8x",5800
"1HdBxjQmWui1eTCwa3VQ9Q8wd6f3jjmzhd",9895
"162ssfJ3VUpz2k5ThCbCt8HgyfSPUYP942",6999
"15i3euq2vVPbAmzbYaUrhVS1kRkHRdKb9x",23810
"1CBJwFAefA1X9RuZKbSteC9xwZBuRv3X1p",10500
"1LFHat2C7RwmixYbPXpXFc4NoreSzKL8Sc",20775
"1JozefPTC9GF73wWKbMJxpgpAYWdVtZ1ji",36000
"1LctsJqwPngbu1hAU6dtpyZoiU53oSDYm6",7750
"1CXpMnXD7HdUF5G4hTPcF9rgdG2k4caDXV",14195
"1EyKCovLGrqKQRBbPhmF3hTpviW7xSaz8i",6750
"1F9hyyZygMMrujSdrrM4znAp9CBqxMq2Uy",9500
"1Cesp3r8ZuMDaigXnmaR3DWAZNCpL2ebqQ",14250
"122NbdtYJZJe12To77m3P8mnaB4SUVd8CB",5500
"1HCeSniPEJF11QjJtLGZ6UnLJfHpHmzuJs",9500
"1A868ZtQbhSewJmyN5WMh658VjrBSBqPrL",19000
"1Fa245fHZdKBzwZ6rz97BrrXwW3yUqm6Wb",9250
"1FAHvmo6Vu3ctFjrZyJUvVjQrYA2shGYkG",9500
"1CM7zzmW5UXWsw9n5PTDcDtkLoDzzxq97w",11750
"16N6dnAnvguTWRzxWQFaDscKRqbakgAoGB",6000
"1AK4frxcVB6iqQGfftYrL83TPMBEpm7a7y",11750
"16UzCc6DxVpLGhJH6ZRe2jBLECnWmfUTFk",8750
"12jGFCkQyVPPBwcmUNbiiJYmQyx7trAPDw",19000
"1FNPu2VveKmAKMQREvrCjNVwEUoFAs4XBX",9080
"14oUmbujvti63HoyaCVYX56mfmhBC4QuxQ",23750
"16vcNhWRQYR89CsTEtQ1yR1X3T2ep8mZaf",12000
"1MhiEni2eTzg9AY1ZZVccfwLBox83f2Mqd",9500
"1HSXAmkPo82N7fXqCHb1Z2XA5oGMTPVCUS",12000
"1565FBBvDggdVrQaHutHaRJif9TDVJTegg",8250
"12PAcwisBJYWH6EDMMyBtZqpNKty3RSV9o",7750
"17DJ53jWiXYYGfQpkS51NXBe2bGw8NjAGo",8000
"1KDUqqLE938xW6BUP9fBoXWK45vPCVNimr",9895
"1DhSC1e1FtGNcFPWAYk2QhLDKQv52NsrQN",22250
"1FjV3SBEtgfxAX4wP8mvZ1zAJbKkqzspGx",6295
"14PgPD7ah8fVPR4xqQcozyURi928qC1p7C",9260
"1N32V1nnGijdEP5hUmiszCZCKk8HCJxgoo",8750
"1C2PJxFpVV8LFV3rsh9ohTYZCRScMnnuWs",18750
"15KXM97ZcA8FgJfEgSU8MKLhgFTTmyc6MJ",8500
"14vpFG2iHHWGVEzRkY6smpmc91Qm24CwZN",5500
"172iGd6WidsmtFxzcXpys9GHtzFG8pHJCD",9500
"18rYdPsWm1fMaKYv41t6cDVKeUNoCNUPXb",6000
"1M9fdXKirajPHcPXTAJk7qnSy4hNJhGetY",20500
"1DZtb85D7oPp7FFn8RihHzRkLZZb24UW1Z",61750
"18j8sajDyTa1TjVnWtqn2KhsxZ88ijxNQ6",5650
"12iPmHGcs1t7Wq2fLc6DUxRkZ9RAbGEgr1",5500
"1AY58eQjMrfsti39p4u9cMoVHjWjiwfPWJ",6900
"18yCUeHbiLfy7Vz3DUjTPE35mrhHwWmB3J",55250
"1D56TuM4D25H51vHir77mTdHL7miey3FZK",8750
"183GB4ZcLRFYzkBSSzQnFwg2FZNU1GDE4r",8250
"169EE9ifi8b9FXqimwEYkKDs88CiNxPhkM",5500
"1BXoFcj9nnWCpfnfMwAWdsvP7hoEtxJq2i",11750
"1BxV9qxEJqjoKf5FDWyfhyniSCDt3ck5gr",8000
"1DCWmkAdWLrBn2RW5um3hjRrvTk9S1fzZ1",9000
"1DVmyD2k79CTm1NQiz2DVaN4L5Z5UpMkWo",6250
"14FwxJsy4vEMMe8YePaHsfn57PQkJx4nR2",14250
"14SGWoU5NKgqq68yhh5ySwwW6NKtHtbCHz",9500
"1Pbi5Fq3McK3hPM1ZX56EbYuVYnuBJSD7u",5750
"1F7BUmg65kZzjoh9Ajw5nb2E9scfwpRjjP",6055
"171S51BqoopTc1SFh2Xkg91EJKxwbMMHwv",23250
"1BmMwJzuLrN9U3WiUsNE4yukeSYayux5Vg",9455
"1AQ8o8svk3ZVsfQgBeH6m8AvF9sGHQSoVK",5750
"1Au5tRoTNYfCimRJ84uqorqbTbrMgzH7ZM",19000
"113XByyrN3KrLFS2NHpAS9dxFidZJPGY5t",9750
"12yCYg7aP8AGDyXjsKrr9rVfgrcejH3YYB",8000
"166xt25frJZyDYwdKsfsPnYBJ1BLMN9aRa",5500
"138Dv5rCejQw34fgvwi7XNCb5V2uySztcT",8480
"1H6QFzCqxvTgpcEGtygQivy2qmPEN8obqm",17520
"179YvG3kfKGPzHpzQPM16hxY6qdUXGj8ZV",19810
"14fST59Ny9VBBtFxFF1i1C5WApPwTd5iDs",9680
"15mnTzDiTd6nDTugEb2SECFZSfuZxMD3Cs",15250
"1BTnPt7nLA3jvyXqYGJ3RZzaJhAC4iq2MW",7499
"1HcQP6LhKKNTCQ8BkbJYet93e1cHJWvgo8",8500
"14f6JmeqTkMkeAdWN5Kd2TZyxqp1iZmnpk",10000
"12BXAR97SXiHmSNvbJ5KBVKeSD5JDXCxz5",12250
"162GEH1juyKVFdoAstRuXaKe5sc4tYHMby",28270
"16x5Yet9JKUcx4LiZX6duX3Cjze66i9UPh",9250
"1PtqL13JPPfYoQNzLSdQN85QMFz9QBo4nG",5750
"1K8sKCCtCuvushafXebTst55N1TuweVWrS",5670
"1LphBq1qpkQJ32udmnoZqCL6DG7NrCvKsC",6499
"1ASxcHrizjQ6LNSdD2RrDmTULogpoHLQRY",10000
"15Q4ojydtq3hxpVpiN3WFfTe95fg9yAWKS",17500
"12j8mwsWoCbopf2kDkrXGEqETGuoYTJeN8",9500
"17fdnFqj8twYFtucWohEKtBL9LWVkCnJg8",5500
"14WhdH6MWNutZnLhMJwvAQPo4p8MERNRS2",5690
"12sZYq2jN6TWDDzY4bzja3iwgPPV3712UL",6999
"1GxwUq44b9pSgzJ9RFKmyUn1fbVWswQEvk",8250
"1KXCQ4FL44m1eZYdaUtDkQjggDmYScFyZg",9000
"1Mj9P8GaaruRfvyTMx7CNHSRWT2bofSfxP",8250
"1QKEvX2rH1kAUZtSXQK8yB7ugRvZtwb1mQ",9000
"17tz3D9sGWwTRv1H8P4ydbSQZHuP2oN5EF",42250
"114mGG1fiTU5xeZdefqLBGLzqS1HyJNm6a",16575
"1C6cE9npwhPP58rQZWWWcS474rabYx2cnM",9500
"16Daq33oawFdoGVPaidqVLpFx27NNq71xe",8250
"1EYCc3b3KheXDLi24pd6JmkzA7mUc5D8M8",6540
"13JPEEy1WvvUtExjnpFKk6R2h6b4Zc1xsy",9650
"13hafbbYbA9cyehwwBweDANnntJa3TejaB",9500
"1Gmr9h2GrGdpPUMHDujLWzaoQPaQjV1Yad",9500
"1KLJ7Sg2SzcGgMxF9sf4bDkNuonyWJ4QBN",9555
"12TsqDv3XaP66eNHobMtWr4P6UzyRT6L36",6055
"1Mp8MfdkKJ7YDq4MhpPZBnEYj3RzybLuCc",8000
"1C8az5NHBA9ravBPR2SRU5C2PwntF1kaYk",13030
"1EzTAjpEWaBJt4WUvVebGayDoYtwkDfK2z",29250
"1CdcsqWVgS7EE5zkbxxVADfWpPJM5MxkvR",7320
"1GwBMxM2WQqQfhFRgw78doAw7NYVrTh8kA",23500
"1HBaQWVXhNJjpft8d29eAVwwAM8Sh4WVFi",5500
"1BrvG6jco1Yr7ipV8EyMp7iGSzgV9mMK1h",6000
"1AgothgjeZ6knsb1Qvxc2bvY1JayxZFDJL",6000
"17FGe4Cewu6zCRRHNib3QDXLXtJoPDAn2E",25037681
"1ktWqHTN8ofJXwb7RjcjbCh8GD1EQfNMe",980000
"1HtqtdaAk1K9Yp3hpU23jJfjVQAPQkhcZx",1000000
"1QHsvKi5WibAFa1LpDt7EvT1Qxy1cdq6eo",383359
"1E2hkazYpTxtg6iiPAdKgiMQnJhiG4z4Ex",10752250
"16wTvXYkAF4a6bPTLxeeccTn6Bppxrfpod",10912637
"18E7nuHXZgrzXzpaVJdx8MLMJ4xTKK1Zbm",6956
"12TadvFrALDFiCmFFZrTjhmtx4Q5hYZZnD",6584
"1CJN2LAM1B48jszbyc8ZEuu6ra1w7PrJoZ",8419
"19MKgZiSRYTjSTDp4QctM6vSxmYcvRpVVE",6688
"166hpQdeuaP67uAyGJQaVx3bsL3Myz8bxw",6304
"1JL1hJJBNkYdrvfdD1htsguY3XGuezBw7u",7048
"19gFA4z7Uia6trztGNhwYVEAap3javv4ri",7408
"1PFLjkotr872cb2zN233VUNzDBzn8ETvcc",6160
"1JsSBMVkXiG7UpFgifmqCr88c7eNNGjaTg",7448
"1CX4nwGJ2h4sxdGgTTxp9pccELBbdtQZbi",6384
"14Pd4oGADJaVC44j5Xrd6zeFeuMhsW1HKA",7008
"1NVNd3ttm3iZXwtf7QYdWx4VBSNEeNLL8J",14664
"14mZtcQxwPrHjqJ88UM762eyrGuEGBavhK",6352
"1KxtWBudTrUPgnaYPVv8HkjSGP7zFQ9NKE",9112
"1Du2wCUCdsBReEvqiwFmnVVdkuduAWmHya",6768
"1EXrpCSXB4XzbQoyVAYdfgZvWLCrEKM2Se",8544
"1A4ZCcGA1Mx3ibUiJbnV57WzpH7pxf4J1G",6229
"1EERUiktjdBXbgi8V5e4Ghh4Hw9zfwVRxb",7528
"195RK2kUTiNGspe9k9KdVoK4ES3gNuos4G",24297
"18QQuYkLgwbtPhEBDsRd29W5coWjmrgL1u",13000
"1MvX1RB5ERDx1xMaWQeH4zWZgCBB5i8BxD",10520
"16qujgeYMay75E3TnzYRP5L3x6iAVmAwn",7461
"153XLPC1tiDp1NySXpQMJGWveSFt842oty",8281
"1N1jKZdrWeFejmNciW35uhUWFgNHoWBiNt",7498
"12Sz1yjHkbM4QXFbd32staHs3czgYTF64e",400
"1A58mgRCKVbSbyaUks8zqLM1utt7NvdzZU",1011927
"1G98s8kyu2LdcPS8Crd4JoV2CDvmUcURjr",1021675
"16JocBTsEkeR8KQbbC9YfZvAa6pSJ4VMX2",2629738
"1CbNo64VJoUzYKBVd71KVLBeMXSWiBncGe",1022866
"1P7AHgibCUFGiqLuKgqt3yFMD2rs4wkH8C",3008745
"12d4bkYNiN2qAySUk9QGGVuViKTBPkoHBM",1021851
"15iLqH7Xu6z9aGSgreDqc3baRqD5hDKDrp",1220020
"1PHdwKuU9aGd1V8xFG4E6jwxcAW4DuLsDd",1000
"1Mq4T3XRfTTxWkhyP9XQENm4V36BJqr7Ys",1000
"1GBKs99WSDZnK6BiQaQKyvdMyLVfsvj7YH",1000
"19SStpJERPtkKqJSn3BR8A3XMec7mqDhwA",1000
"1YsoyiFEJa1okNCA4rrJ5XVEm9AbWJkJZ",1000
"1PKCXM22mHxedARGC2MUKT6K8HwTbt8FBj",3000
"1MQf8R5gUNYSubbDfxKygn3CsssHBiCGXK",1000
"1E6ThbYDbC29vNeAgs5uyXhwcYQJDtjiry",3029225
"16kBgsm5g9QzUvQCw3zH1RSMjdHnP6KiN",10320
"16JocBTsEkeR8KQbbC9YfZvAa6pSJ4VMX2",12640
"1Fh9SJztYpmhH69z5eKc8BHGicSLW6v3hu",16320
"1Had5MDbSxVeMPe97RiFvhGeCVo1KL5h5q",13600
"114XwXXZ4wwDPYrCcGM8NYySYWfwXiBxXS",11150
"1KiNx63FHL1uwHXSRmnjhFEXpsnS4sSSPC",12160
"14oooPvmqQ3NV7v96XDXEKpGQj67FPgrJC",66786
"19CPZpi6umTmjQ9xM7VN82P9EiH9R5MvJh",28748
"17eRNCQPCj1dnFZ735KkF7dcaL4znj8D8D",118488
"18cwQ6G6SEn18vBqAppNWx4BhVWnnNezSK",16525
"1EuDrMCS1iwMRycoU3TLdihjfeUoCNJ84Y",20400
"1DxTMR6xSVYvysPE1qpUqLrwZSnPoVRUSz",62166625
"1Ez75mVkvyQVYHPXmuJHkSpmxEpNnCvdqw",658587
"1Ez75mVkvyQVYHPXmuJHkSpmxEpNnCvdqw",424610489
"1P7VYcnSCFZLPuYWJyhEZTY9BB7qxYVyZW",1000000
"1ERixWaBpiubYGacmntxRJs3vmgedcD2ku",1000000
"1KCfHk8Z4XEubW3W3mXj3n9rGUJv9pzT3i",1000000
"15XcS4kshFz46Vha3xyMNGpEh4pZDYE7mw",1000000
"1NH2P9oX3F85Xyx5ustW6HnYExcEetpfkt",1380000
"1B3iAn2piC3ojapVtuMPfGt4VfK24JcnqJ",2750000
"14jnkgsS9BFpsqiHvzMog5fk3YY2cXsHJP",2940058
"18yCUeHbiLfy7Vz3DUjTPE35mrhHwWmB3J",15965
"1C21FniNparw2UoDaRkZW8jfnDikGWMivA",18143
"1FkN1QebmV6tXkrAHLTtQMxW733cHvXFJX",1510000
"1394CuaEraP1uPc1ZMZxP6KaSHdmMEazF8",980000
"1727nhZ9S4KTUL3mUExpbPHeX6Ua77E2Mb",100000
"1En1hCztPLRfezsgKjTHK8yqWEzYzyJgcA",150000
"194MFNfUGMbQZ3odeCt1FE2nzhehsFZ6hL",1037055
"1GzaamPre2LxENSbro73DrDorMuixQpqK7",1115815
"1J7ihyi5eoJj1gqDerFbLp4D8toojzJ1FP",4900000
"19xm2KgEAQvXCp2kL6corra5raLRjHSSKE",10020
"1HwtoqbGcZ4vj8oVcjprtPuaHqFB68KQbr",12160
"1EFw6nvaczjX1TNARUZKtEeeK6VmbXuBMH",14640
"1DVXLYdSpwB6wtm1tgY8NC6coNJBtc1HB6",16320
"1ejso1kmFKhBPNYdSxZrCAe9iErYHuaFi",15760
"1PrkThdHeyeuJUj5QzEigszgEHJvXW7xe2",10320
"1PwLF1dpxzEvjrBiMsMaFDNAdaCN18hwPX",11030
"14zShLMWcYfRF9FdZxaWHCS1nqPGE38U5S",14640
"1DYGKb2GvDpa46Du4q2dEpaRGFgwGURU5K",17920
"17o6DuK3DEDynB9pM9VWNT2sDBQxgKNDum",5733
"1uVmijYdEgtYD3mzBoJmJ1G9wrj7fivkC",6451
"1L1YUbsgs3CBYCnThdJf7uyinorb2m5LsJ",682876
"12Sz1yjHkbM4QXFbd32staHs3czgYTF64e",2200
"18kZvstDg11z1sSnxSKeGshEQnmBismkJS",6246
"18J17y6FZRMqiYuCzGhMGg98Dxuod4Umrs",10000
"17Q3hmVpopHjqfMJojVAgyEr4k8CVDetAA",150000
"1CWc6FwoK9AVHaXakSG2vSSSfnporvKarj",3941748
"1Pe9PrsggT4ptcBHxqFKGg9cNPcHtzoiin",2
"12FhCHKbuzrgjRbp3xB5j7GxGGco9gsKeV",10000000
"1Hp5y5s51FzrY8qffZb549fuPnNqnLKoom",30
"1NGTADERANxQMDd7isHJdU2i2vjsErcG6b",8950000
"1CC9RhxZRHc32GHMCn8kLL9r9TVAWXsNAF",2
"17jWZGPjc4gdvyZN5FHgJup6QGHtok2xGx",47408
"1BZkrRADQ1ddUH257sMa7God3T9EBmrqao",6156
"1Q4tyrTKHPTUtBTFiFmGV12oRQzuMZUqFu",1480712
"14GpVqPkN4734Mdu3cC2pQxntej9KgTkKT",497818
"15Sv2fmhJR5P9y8amirNQZt5ooTFqMSqbh",105927723
"1PaSwJM53BZ7PAjPSuveGPmYQAcJaqkmpU",35138
"1McERU56mXPrDm2PVqv18KzK8VGUWtxAxr",103109
"14CoFRp7u7C2GMH5xqM7Vk9E7jzWaR8dg9",30
"13HFZSm4bnMoF9AAepTthBwudWdEaTMyWE",1900000
"1C9sbwSBBt2V7UqJLz5zLhSPtru5KLSNA3",387
"1FKb5oFj5H9hiGyvEpEmoT6tLajDNcBUDd",1243000000
"1HXsiqaVY4qhbp7bkidr3gA2zAmTz2HMRD",304500
"1LMDJnd3umi9y4g5sfoTVm4J2uobYz9dAb",1160000
"1FwiAQoGse8Vn71rfXFHkpAa7B8GTE5GPb",2574087
"1GfZo75UBJNYdobtA3L7EkRu7YjtK7V5Mi",45500
"1DVAQ4xTQaK5JHPTnWEHovs7strk9uDcXq",5134706
"1JpSmdTK1ASGPwZECWEkNJc1ZRVktE42fw",4184241
"128AnDcXQbeoX7pg2FxtXPaxiQ9nK8yTpK",1000000
"16wUG6bmDJwComwfGbT47xDxfBu1k1pi8o",10000
"15YUgn1P6svnTz8XF6KUAGZoRLX4Rks9ae",10000
"1LvhBBuFRBDhSR24Knm2NvqAG3Sq8exjME",10000
"1KX5WCAiFuajotixrESABx9n8Z9KeYwmf9",4990000
"12rekVv6Gm62SC5dUop9mYskvAtTHf3sYa",3000000
"1JDcCeCHBLdZgLh6YSTDavxv9N89LgET1L",948443624
"12Sz1yjHkbM4QXFbd32staHs3czgYTF64e",509
"19wL39wKGjWegfoZmSxpbPn1DaFiKV8uVC",10000
"145Jr9j2sMDCfidB5TY4V1n33UVhynugpY",737400
"1PWJUyEyFBT1X5zewHQWuyeXAxB3bGTsXj",1000000
"1Czha5jzcKvuovvkfozL8SSxJRFtENoxH",130941
"18gJhCXGWUD8MpiCvG5rbr5qava857Lgpr",206002
"1DehnUx8tAVEJmWousxFQjKQjAkcYxnjqt",208964
"1H9CnreMwazFJVi15FmzPvvf3tbyFiLcAk",210409
"17ha1BYhDmear4WqThae681HzzHPT17SSn",214057
"12P1pn2r3AeSpzac2cjPiDBCuvgus4gnjf",216405
"1D5qBArsq29qASazA9wNqr235s8s4A8hQx",222762
"1CfpFnffcA54FYFjShQpmgdcrbFs98FBxE",279365
"1PDgjxWin9dtSoguMouPNsy7dLzLYmRcHb",329285
"19LSHErBbSp8E8hA22FsNvq4MvVyTSmwGw",593406
"12TeDqkdNWXYafpghVAdK4DTnec5KGtXRv",607277
"1HAXqiCYvoHkDdcQUa1TfRojmFVKJwR7D5",500000
"12epb4Sro1izkzQL3APRug2svDJsUDomMa",990000
"1EKN6fyC9soR3qpCNcCR3Euyaa5erbe8bb",10000
"1Npk3fby9aRZe83JiK9qS4oiDw5i6pzPDV",2000000
"1YyKkS1nP6KeooXiGwwYacmKenNo7NEbz",34000
"1Txc4fwCLBUVaMJL2xJi8fdsQXSQxJd8M",11000
"1PKi9Rao6Dqs7a763nGPdo4123L9QYKudw",10000
"1P9GgQkjpsabrqA4t8UY9tYMtBgQiD9ZYY",259000
"1osmXqwhYxtEHkx81E3fkQJBLR6imE3QK",10000
"1NDDTmwocUQkNfPCiErXRCi1ybE2rSCQaX",42000
"1NcpHwuayz7Q3jijDdnfp1VSC7Vr4U31F1",14000
"1Mv9qdcU4H2touZDRbwvcKeEitV3kdSbSW",11000
"1MRcozhz7PJF6Szc1zBj7Nj1Aai3TD2UBh",23000
"1MAgjbpQN8kKjGo2KwQxg2EN6FjAUHdKNm",52000
"1M8LVmLn5tFr8KVT4EPovsADSjs2e4ssEi",58000
"1M4dqPv5ePYRp1m3QEbEaAgPiqFsPZmj9r",10000
"1Lk16EXffy8MS84bk4AqGLdFPuujTpCaCU",10000
"1L4gqxcam7BEE77fBydZssQW7Xojbtb8wR",10000
"1L3NKqTmqT8b1LaArYDWtpzA8Ej47UvNPp",10000
"1KsgYXT4C73XX9QTi3fDaPY3cxQBBypcAQ",10000
"1KQ52TRUKWVmMopMYMEEUqNnAWsVuVXpyK",15000
"1JX63woBtyshwmxcrJV6fDGuQrsqSXFhco",16000
"1HDdsjaZscRCRkTzSTUmQVFesDoykxidt9",10000
"1H6WFYwKMZL4WATTj1bCBxPJhBFXxBZyev",10000
"1FszRMopMeEf4WpsTNSk4gY37qotL2bAcn",15000
"1EXu68Xj93Vo3KZ4at11b7uDEcAhp8kj4u",10000
"1EXoVPYZPjntkDdH6e9ySLLjcoWEd39St3",11000
"1EVKpjpjUPHBMjN2HJQKMmyXFvZr1ij51C",19000
"1EuDrMCS1iwMRycoU3TLdihjfeUoCNJ84Y",10000
"1Eqeu9Wyk6jS1Kdaiq3hsdkRnC4J8LC2cs",11000
"1Eo16HQ5cNxyssLpfHkwACWogj9Sv5mUvW",10000
"1ENmSFG5dhicadUz2vh47p894HvT88sgKz",13000
"1En1hCztPLRfezsgKjTHK8yqWEzYzyJgcA",10000
"1Ek8PKrnAMeSefYTs2EodfZGWNc3DaWe4z",10000
"1DZtb85D7oPp7FFn8RihHzRkLZZb24UW1Z",17000
"1DDNkjbEqPmSANYzqkGbVzAMotZBRug31y",10000
"1CYAuoeGyY2bR4cJDg1bxiQQfdtcVZgN2W",32000
"1CrAs9NEdA7n3WH5pSv1aMVewnmejNYvMQ",10000
"1CQBUKLhrmnUg4YjEpozDhBySeobC6pfR3",10000
"1CgTCzho1D7RznsH3xAnoCukuFDhid2QKt",28000
"1Cesp3r8ZuMDaigXnmaR3DWAZNCpL2ebqQ",10000
"1CEpjFthjqQ6BvHoiP3fhqvQ6Hkz4m3tYK",10000
"1C8az5NHBA9ravBPR2SRU5C2PwntF1kaYk",123000
"1C2PJxFpVV8LFV3rsh9ohTYZCRScMnnuWs",24000
"1BxSJfKmo6etdhJc1SeBcCG6AZAha5CL4B",24000
"1BBjW1kFUVtf9qQCXzb5yb2U8sJREfxBtA",101000
"1AL8mAP5H52kQFTFSnDmGAcBFrBVGPLBcD",10000
"1A868ZtQbhSewJmyN5WMh658VjrBSBqPrL",40000
"19qLcbmiSPnoccP9c9Q71J1fY9KQKhDr1",21000
"185qpdWZ3w159xxcf4K3UC1erKr5SxMTXc",10000
"16ZugkmczV5WbrCNUqo73PByB8kQ7YMj5b",15000
"16sGxfAA8upEBMTsWJaKAZAiLPPQn16QY6",10000
"16JocBTsEkeR8KQbbC9YfZvAa6pSJ4VMX2",13000
"16GexMid1YaH9uqSJzYa1cswyM6189TnaE",10000
"15YP6u3LMgaU1kUoAPYULxzM6evCVtdCHf",12000
"15senJYLK1fPnfBYpVemdjA7mWaff6kqgU",10000
"15Q4ojydtq3hxpVpiN3WFfTe95fg9yAWKS",16000
"14WhdH6MWNutZnLhMJwvAQPo4p8MERNRS2",14000
"13zEQ6ks8XNqdNGzxe1fJCNGJ5W2qdegHi",117000
"13DL5JXJGYLj4H1xJxifW8oVYcgwJ67UoF",23000
"12yCYg7aP8AGDyXjsKrr9rVfgrcejH3YYB",10000
"12Lj3ngrkTUxNdVyefAev4X5z3VZat8bqn",150000
"12jGFCkQyVPPBwcmUNbiiJYmQyx7trAPDw",12000
"12DiAsx8wK739sDXPBH7QYLSZqQd5JQgQZ",10000
"12A6irPZ4qeAWvkxum1szjJSdvJ6792keL",12000
"18BR4Hj95Wq4z3bqCjbvzaWvnPCd11RFHV",10000
"1KRPgGSoZQkQzzEZBvfNqLa1BBFCCd7tnH",8000000
"1DWF3uxSB8EjErDJxEdeJA37tfQA5LrwwT",90000
"1J3cY6DLuKrBac8gMvTfSWo8gEqaQxwvEF",10000
"1N93EsquecjBFXtED2sqXRKnVgvwEEKsHa",10000
"1Lcn2uRkK4EPt3cdF1sUzdYzWdwPD3xPP4",10000
"1596kBUA8p7hHHyKGcveNNfTNcTLfR7o4n",2000000
"1HqbrooZWmeGPynYVyhoE43gYFZaJczqHn",1000000
"14CoFRp7u7C2GMH5xqM7Vk9E7jzWaR8dg9",10000
"1EApgR6Nxuh7MBRMGMwAhgHn7eNeLuAKiX",5422
"17H2YgTZxbeTx7XeVrbRCYPRi2mpicntRR",17345911
"12C4FV98mcvT7uaEnqHofaGJSbBwqSbMAc",18614687
"1Esb7qfqsuYZGUQHLfj5VFyd7dSw8SD7cC",18726531
"1AQaUwU9yQCi2MaQyxEEUDjCwzQhD88tZg",19191542
"1441v3Y1NYx4rCi6kRwfyYW4XAhsGfpTKG",27882974
"172iGd6WidsmtFxzcXpys9GHtzFG8pHJCD",10960
"1EC8fakLddrTorsZFStKpChUCSQW2sB1hL",13040
"17TNcHAp8dLkzAwxmZtshvTLgwLfdUAyss",10480
"1QXTaP2DXSengn3GPR3MNsbebQ41KVV7E",12160
"177hZKnuS4D3R53XZvVZNxcmVgwzoNXne2",11280
"1jrupSiiJhnzn7HkKf9wNdXnzbsh3F9yT",10240
"15dweGoF9GY2DoAKotTi6xwtkAKUjyEo5S",13040
"13qEzv69pP8BZMmDUwcVYeyJqBKgQ9mAA2",17040
"1LTtmF1Jx5RVJvLMv4s4s9nQh5CMkvWXXh",13040
"17bBjTWyRJZayxM3ZgzHdunV4JaXG7ji29",45000
"1DQyhRbDfLoCue7BgMfV4tcwQyjCyXaXAq",734538
"16TcUZMhuNYpNyxCxAL4XrgK5RUsnxZG2y",985790
"17fPzbNRxPGVHLDreTuG8d3GBVLiFeQCbT",1000000
"13eYhDG3bddJs6dfWDXaTktQgPsA7RB641",51494269
"16GJmZukEeCzQioUhKc4VFvQDcGp8mw4uD",102465225
"1NhB13ttZWJ14ytw75P6WmJfmEV1Y6UT7Q",100000000
"19epjb92vBpMDFVfopQTkriWr8TGMDpAQ2",500000000
"1EPtXFU5tm3Es6nUxBCMybP6wCHztgE3GE",1001601
"18nNWLFRBch86iQBmXCoAg1y7oKZUuScsp",12729677
"154JsrNbos6CGYco5PKJr2CcKbJ65ixPZp",67000
"1N7rC8myT6tYnehA4soYbso8Pj69P7GXus",275000
"1DxQkqrGcYWiBYeZpHpxqEaMTc6ZZynZHJ",4735558
"1JoUYNKvzzNmLowSo3Wqw1YLmd1bWGR4LD",101480000
"19cBt6kM2PMbcTxCcmau1su1nEdDjJx6nu",41810000
"1G9QxUjYBnKYj8v6RAzVMBi5kp8AQBweyw",790
"18BjsTwFYCr1uimbDfocLCwoKHM2mEa8aR",1043929
"129YPuQAKdtSzsdvrMjeKTdcRKWNiPymFz",1101385
"19r3hfPCrJBoqxB6vK4SHFSkxdeeVm1dGo",1302219
"15KKN855GgmS8U8ijBpRPitenAHxSdzibn",2896556
"1EpK3Qw4De8epc2eKXnzmGc5tYzgirGWy6",1003940
"18MkNyNX1g4wfVcYmNLSawaXUEUba6dkog",1001637
"1SjTtEFXVkihKYNFmCiDv1Yiqb9WQC4YD",5243043
"1F5CCz1EYJTZXLcX8ifdTY3muY38Aank5Q",99
"1LUJwqkzLRhwfcjytQgUb4D8z2jByZvpZp",274496
"1LvhBBuFRBDhSR24Knm2NvqAG3Sq8exjME",69740
"17StZE7zEzYaZPsgDBDYuDVHb8xb6WhhSv",1600000
"13PuMZeL6QriVw4w5C8bT8csyoy4ezhJyJ",11907602
"17gSi5JfjYAt4kw1jQCNNZ45FfwH2byHwK",10544
"1D4czqy1y76hbUZAsZtfiQx7n1SAE1KSKR",950000
"1Pe9PrsggT4ptcBHxqFKGg9cNPcHtzoiin",2
"158f99o3fSFFqBvKT2Wf7AaaWTnf2rey8R",500000
"1PJkcTb5mhozCKY6fz2NxEVR7ddXfG9cYB",1863847
"1HPooT33CgtJUTxW6pzCncXy5fqBxstGJh",50680
"19k22GVHBFxwgt5CXjKjbiPhrt76WCTxma",66920
"18WeLaCBeGLygstpDCMgxzC9cYnenacd2p",68075
"1Q7wYQt6uCxB1wqKBzZ6Gxq62X3FY3CQiC",68880
"1168NdQe1CL8VigvJQ17jJsoF2KfU2NP2j",71820
"18v79SVXzfSMZJhLmuYaWmBws3M8vWRSMU",73150
"12VHd1F5FCRWb5T3RZ31bwunZfEfCyQ5wD",133560
"15L9LN2nDvi7UFwQDzy7fC7emj2PhHnMy5",165480
"13cxgrtMx37kUQLAM4DnyqcYzErixdBqGD",205275
"14uYdTTtNtwwjo3EHX3PvNr6eeH5vXHRjW",389165
"1MZ14mK5r9pB4uaY7d8jELkHKfhLuy7fCg",394800
"1N2KTjYRtbRoCobR6bPjgBwQearZ9KzDpY",443100
"1EfUWT1GQ9r4VBgmdfwv1nXXNwEpQBnybP",456820
"13jZzMMfto8fthk2BXi8yuoYj1ZfZigh7c",512330
"17rY15T3c9Ec9dZemXJpuJByYxMejLp4BX",550515
"1MoceWfeQjBzATVpwAug1B7tR4agCFRbwk",675780
"13Fqj3TmjxmedvZLoexZZxGYk2TkSESZ5Z",805840
"19qni3PwRwRjG5wGi5TXbuwoWzMeRUDCiM",1050770
"1KozUGDuczEatGDdg9mmZnoUpdPYKZDRQZ",1085210
"1HL3HupBkqNi4vd4RdRB4NrvPQHLW1QnqZ",1558270
"1KrVC9Jx1CFWZohsDQC4HDiSTZQT2fC34S",1723470
"1Lh3mFTnMRRC5Pd7XWnscWqXDQ3ja3SpHi",9806720
"16etZ6Uu3D9sbuzKmx8XUcvdH5sAeGVSGD",9980000
"1DxTMR6xSVYvysPE1qpUqLrwZSnPoVRUSz",51641801
"179YVRS96pPryj5z5KTmP9ZHxUyC1EE51Z",1697853
"15ow6pHaYwJornyKWNjsuTvB3pdPz3i1zm",1276326
"16tycw67MnNF2kSn5PXi64CT5R3W1a8pRW",20162129
"14aKCeg8G51wm2FgpqAu9AAo4qSHSkoyUF",1019264
"1491X4Nv46zTbi4zQ4yK7Twhp4KKJgjv6X",1037055
"15bXizPwQUhhm9116PYY4tYkp9Q2zbpngH",4670768
"1FgHibqCnYVR14UshEDHi7mjHcvtEWM3DR",1483945
"14cKC9uUrGHQ9sgGvAM8rkGEfe5w5fMaYf",3349997
"13gvGCj7Tq358oNeo8Yjwu63yhE28eYgCd",1183624
"1LRKrjJCTSAL6K1EeiPzpcFZu3LLCmQxk3",2333335
"16a4NBu2WH1QUhiHmMgiW9yvVVm2x299oE",1346202
"1FWpdSwYDE2Bnk4yye714rwmULKyeGAM8o",2071999
"15sDx4XT7kAwpXBs3BuY2DTXQQ6tme8AQT",1014498
"1LEVzpmM2sJ4nW9gZrRtVqjZ9eoWg883Qu",1268211
"12n9JqECC7ZkvLA5MaDYT1grHvgToBetWx",50242919
"1FCaepa4supck9bnbmbx7tg4KT5V3DCoDv",1037299
"1HM3ryH3kQ9BarzYpRiZxoqRi6DWeWGzU8",10367373
"1Aig4SMkeyX1LnWXiJXaLCUN5Fdyodbg2J",1000000
"1GgKgNCTe87LET5c5sf6bG3B4iWw6eaXZ4",1000000
"126TafaEoSL4Ei3yAtekYYGBpb45Se8WDE",6850000
"1G5iX78oUEpdBH7WwwmpvspfM4gLKQZUhb",2014397
"1BYsmmrrfTQ1qm7KcrSLxnX7SaKQREPYFP",2204198
"1Bqs7YE5GG842bbQ9sLdSGSGs28y4uXTiD",2537699
"1MJL8XG6RMhNvFnrik8xuXjgtwJnrUBs3u",90000
"1PyTr4Pe8nauvypXQyVWfeFrFfTybzE7qA",50000
"1NMw5QLDfgX7Zr1ghy9LFnyfJecMW3uymK",48925017
"1KNNmVDB6cs9ePy2Z8QGNV7FbdjZt3GdM5",2128529
"1BHxhZcPpSUg9NkuwdfbLBdf9W31e1kN7W",50000
"1AGdjPfpMFbhDdmDULtRZA1vF5VJM35j4Y",450000
"1KoQXPHMXBCeNQywzentnoUNbyDRyiyuhj",7500
"16AEfbDYwMoxgFHrprdDFgxqrW9uVFVJgc",7500
"12Sz1yjHkbM4QXFbd32staHs3czgYTF64e",1800
"1Czha5jzcKvuovvkfozL8SSxJRFtENoxH",34424
"18gJhCXGWUD8MpiCvG5rbr5qava857Lgpr",38397
"1H9CnreMwazFJVi15FmzPvvf3tbyFiLcAk",39481
"1DehnUx8tAVEJmWousxFQjKQjAkcYxnjqt",41937
"12P1pn2r3AeSpzac2cjPiDBCuvgus4gnjf",42768
"1D5qBArsq29qASazA9wNqr235s8s4A8hQx",42768
"17ha1BYhDmear4WqThae681HzzHPT17SSn",42840
"1CF1c5UVzYXnkBFKqCdC7KxrbQASAh81Sp",43129
"1GwE26R1FVPGHqnUBDaAgdc5tBWQwYV7RK",45333
"1CfpFnffcA54FYFjShQpmgdcrbFs98FBxE",56819
"1PDgjxWin9dtSoguMouPNsy7dLzLYmRcHb",64477
"19LSHErBbSp8E8hA22FsNvq4MvVyTSmwGw",118082
"12TeDqkdNWXYafpghVAdK4DTnec5KGtXRv",118840
"12Sz1yjHkbM4QXFbd32staHs3czgYTF64e",16400
"1DVmyD2k79CTm1NQiz2DVaN4L5Z5UpMkWo",16240
"1EyKCovLGrqKQRBbPhmF3hTpviW7xSaz8i",11680
"18EkCGquE9hbHRi8zpdNVyaRgFoGGFZC1g",14480
"1DZJM7VAYEGdspkG98sniLuFPvJ5Wxeuqq",13040
"154nxEhWXtsiYp2BhkaesvHvNr1aTDBdRL",10720
"1Ljm7WqVoi2Wuzrv3sbVfd3TfyV91xkjUm",13040
"17eRNCQPCj1dnFZ735KkF7dcaL4znj8D8D",11200
"14fST59Ny9VBBtFxFF1i1C5WApPwTd5iDs",13920
"1Q1ACo6XzWTr5DpQW82XauZEb7uqy59QmC",14720
"1LokdhavmFFzBAdHm9Jhf3KjGirDmjeica",18800
"1NDDTmwocUQkNfPCiErXRCi1ybE2rSCQaX",15680
"1JqdadgxgxrnbEnfvohxtaSNbHt52kVLtC",67057468
"18ZT1R4h6GvbBHU75iNG4c6QB2GCDQ2FEP",24000
"1c4EYz3X3sd5TXFZJLhTB5Ybb5eexfghQ",12000
"1Dy3oGyVtLF2oAjEw2VXQsFWTypcoqaDPK",28000
"1KsyFmbmdnccPUto1KiHbGZHbtfATLqUBh",13000
"1LokdhavmFFzBAdHm9Jhf3KjGirDmjeica",15000
"1PBzSwJDN4EFDuZ7X11uzSTd1UpGFrDzkY",15000
"1G3AqWg5Suvfu94mzfPEMf62ZLKXZN2Utq",30000
"14PgPD7ah8fVPR4xqQcozyURi928qC1p7C",29000
"1Hz6wGswbaSwekYq5np7DHieAmbiXJAsGg",260000
"12ffNxE13MKK447ZNNFJghG2Hu2wziijL9",34000
"1GtCW9ddZtouxmQhXUucuYWWCHMpSTinUy",16000
"14uVJ8PSAn2EVDPFAN4WZRXuHR5YiQC4iZ",12000
"13WqbGW65mEajFC1xuyTRfyZpJHTcyVvd8",40000
"1HgcQPCWmw53wxTudz58MWWunYasmUNu4Y",22000
"13K6DtBrzsRU9dqg8pzwW4txJEQtL5Mz5B",24000
"13EjSyHa7C5h6rieVNEbT617X1u5uz7RCj",36000
"1Ph2xkvvfa1F7sg7VaPqWVN7KZNnzNiJFC",63000
"1PHkJKSggimnctWe8yqzQGgfgvECEwE9Pa",16000
"1BWKjSvcRfeEiyLFyxdK8UiwWSzxZkj7d4",310000
"13QM4NsLanCG1N2Q1hhD4sqwdeDgEHpz89",160000
"1HNVZMT64vJYDGABLwACFKLsewF9saX2UV",13000
"18aaMvmRqBDvyC8kufV61jVMeRRNzUPtSe",260000
"1yZnxoJfcEC95wCKPVxJ47MfPU4SAobEn",12000
"1HtWnxRHKLcGDdk3ahQaayZtV3zFNDr1e4",15000
"16m8cuM9WXpgQL4ipLn7aQi1XMH8LtsyeD",12000
"19J1UJPTa9GUfCvsGtwvPKd9LbFs8tjF8C",18000
"15HmATfeV2f9xxQ4Rvr2eJuazypPxTP9ev",18000
"1Aq6hRL16ZkZzBxswVA8TPEDmgjNskw7k1",12000
"1Fef3ieaqivPNcvYShCiNoKmTYiVbQky7N",28000
"1NunVjUmv1kYgf7NvL2ZgyUmWfwB9NtCqt",111000
"1BoJ1xc6ExYdd1FMvArXu44JRfRjXTC3MP",16000
"1DDJophNGtYNQiTxRfeTu7pAsR6gPMNK98",28000
"1EnAVWdpuBbwrTLy22a41hKigTx8EHc7e8",16000
"1N8Rkc7KKjVXkSBP4CaMjynYgyMbkHHtCi",16000
"1RGtmqAaJvwxHFPgzo7Q7u65vvSBZBYcm",45000
"13HhszuX4GDEgEm9WgusWJnYf8nSvfYezR",16000
"1GUwUmNgCZARZKCmVFWnK29t9MH6srJoMc",58000
"1FjMdLwFNghDYM33DTRb8wuEsx9kjs2nA",32000
"1HHCquNn5miRmV3ZTuBWNunJFiBrC8U8aP",24000
"1L8KTw1DEHQHp2ZNxSAGqy7gs9afiYRGt5",11000
"1oiGLWGcthYqWBJipwwuKJeQ6uRpjGCmr",20000
"13h17482k4CAi4vGLqgNbc4Vwvhjvsnzf3",60000
"1Q6q7jLmMR56NZar3uNDRFCQ6U4AqnFhBw",12000
"1CPBHASG6mcHcGhfBE2EUPPsWwvU6NykJp",13000
"1McRdP54PkhAFV3Hnq3hRP3pHX5U5pDgY6",144000
"19rJmN66KPFv6U5YNgXwYQ7G9jCCwuUk7q",28000
"1Q4ukYu3RJDdDhT8uNhKpbsHJCyQPL2qBc",10000
"1CxFQuPKAtMLG3Hk8As86dYEBpVNRFbqz6",12000
"1G8bD7hynKpRSsQPoH51HVvEjEoaVJwTBL",16000
"1GCWnYkDYPdCddp7r3SE7ubuqoR6Esd1BA",16000
"19UEqSSYWmShhYDWUXc2gvryffgM1qTf2J",24000
"1CeCzAGmCLDuwymvddJ9Nc2gpUhPyggoZt",64000
"138Ne4843cCRCXXs5bZJzE2cjdLW8fbn4p",234000
"1F48AEKhhSErcaXztDXzDgirDCjcgGS9s1",12000
"1DEAfJMoPpDAJAj5c4wYWVgxjEPzHb6Qtz",16000
"1DicB26yUHtyBpTkEPL2SbGPzQ6ujdJwZi",30000
"1PxgDCJzwkgUEbZVJhMNcmfx5pLn6wzsAE",32000
"1Pz3iT9ioFiZjvvocU8HkdBfzoyENPaZuQ",36000
"1AW37GRudwTSjDzGjCibwojobgjip6ATVE",88000
"161JaaRz9tyT2h4RonBEbYrFhdNBhna1Nk",30000
"1Ej2jR2xVo3dM7jbdsDJxL4BFDgWBiHLUF",52000
"154JsrNbos6CGYco5PKJr2CcKbJ65ixPZp",12000
"1BrWnERE17DrKd2xi6rEbQw9x365PvGeRG",30000
"1DV7aEWC22YQE9dpRijVjJFznt2fM9vR1H",20000
"17XJvJonczjwp8jR5p3yE9Uw2v7n6G3gbr",182000
"1AbzWcq5ifjh1L9epnQxf3CQfTNNm3Xf3X",16000
"15vDMYcWdyzhvF4Mk5cwhZ1TGqDyq6G76Q",225000
"1mrwEEMSnTqtuWkuaD88Ng6oYVrMjrL8k",11000
"1E2AT75jvHLnmqk2doTL4MFSHJVfmXfPQC",50000
"1FSmYXXYP8JNSBpY4CLxhTbXgzwGKT9jeu",5000
"1PmqbzuVhGXn7PRq68EKuVUbBY76nix96N",5000
"1EQ7eAsBVgFLMeFBzpscUSjYiJYUVAYQcF",5000
"1BEYwjtkyUtSAwdSrduYFBEoPFbubi7Pi1",5000
"194tsdzsMpfDUnuU1cWFf3gwH4DBpxyJjY",5000
"1FGhBQXo8jhMJDZ5LWqxgkAWtVWM5RexrJ",5000
"15ZXyzDQL1fmXrDwAkEC2qZagwmovQzGgp",5000
"1DfAbRnsp5Kkfe5vPmJGpHKCLhp99c1cp2",5000
"1HtPpM1UrovgKNmTzVtAynPsw9YeJmxDbb",5000
"1E7b9Q1KoXdZxin6cCy6JGZcznD6wei56p",5000
"1NnwyrCVKHVsfudkrvzimDUdmFV5bcfApy",5000
"12YJFc8FwK38dY7Qdw8jnznmAoZHN7ks26",5000
"1DCgvpNrvZGHjFzKcQuLav3ubeFzo2KgG5",5000
"1ABPyzrkJZyDK7ssu1G2ibEgT92aduLVcu",5000
"1LcgNfBYGUcTD4drDtbXTqrwmWiooRYT5u",5000
"1LTtmF1Jx5RVJvLMv4s4s9nQh5CMkvWXXh",5000
"14BSNLxkNB1hCeMt7PDKUTtRbW2HCCaKpj",4761477
"1GekHzW5sp7p7QLGZR6BXPw66Pax9EQqJD",10000000
"1A1WTLdK8A6DqYvM9y1zeae8854AesWMT4",2000000
"1NNL8nbN5wczf1MWdudALTSNEJkbfcQJ3z",851059
"1Q5A7B1ppfT4PmKvfgi2KZuQ1mmnNYAi2p",100000
"1HV1kSRouXcCpvFwoTTzwRkS4rjvYs6uTV",20754080
"1Kcg7cHptLMu6CoFh8mNVYbnhAcB32Tse3",26123455
"1K8KubXnytxPaa6rjheJtm7o5oSezWCTWd",33971968
"1GZUwhQTMvz6HRK7CwdbgV1pX2h5M8Mo1P",7304455
"1J2VFsBYfjfvaYosFz18di3WiSpBCPrVTg",1069159
"1HgFUTRGftDSB11tYdv62FnFp6HNB1ZB2N",62201
"1Czha5jzcKvuovvkfozL8SSxJRFtENoxH",425621
"12P1pn2r3AeSpzac2cjPiDBCuvgus4gnjf",956429
"18gJhCXGWUD8MpiCvG5rbr5qava857Lgpr",966832
"1H9CnreMwazFJVi15FmzPvvf3tbyFiLcAk",1033476
"1D5qBArsq29qASazA9wNqr235s8s4A8hQx",1039039
"17ha1BYhDmear4WqThae681HzzHPT17SSn",1052729
"1LR4nLbfqX4nVaaeM6LrRWofesmJBRNtnc",1141046
"1CfpFnffcA54FYFjShQpmgdcrbFs98FBxE",1325447
"1PDgjxWin9dtSoguMouPNsy7dLzLYmRcHb",1508151
"19LSHErBbSp8E8hA22FsNvq4MvVyTSmwGw",2682790
"12TeDqkdNWXYafpghVAdK4DTnec5KGtXRv",2858089
"172iGd6WidsmtFxzcXpys9GHtzFG8pHJCD",950000
"1A1FZ3WmCGEpPe7q89sj5tpGouV6tXmPCx",55546
"1KJgDFQhgL9e3DiBcCrSAxkMKjG8WfbWeb",23056
"1Q2nNzKZFSPdfs4sciKDTCB8LviuM7HXgx",1000000
"1DTfF3rK6CFRSNtSbe99h3oQWFo2VJ3H6x",1000000
"18qzmpdpFJuCAkf8Z2tFm3YSkTV5nVuevd",170000
"1KgB5Efw9EGJCZgMJNsCwe5AiiwhkcBgow",90000
"1F2ukqoaCht4FR8veJdFuoSNyZ4JbcMRnu",3000000
"15LryxQBJmj1VJb1pdXbdLh1JT9Jv8rXWH",6990000
"1JPRfTtw3Zto7RcS6mGzBgiVSCsqN4hqbd",106771464
"1CKURzNMuh7964c87kJwEveYcgmenc7KZf",2380509
"1Pez4TwA2P2UVrS6oHcjSWSnRoDbtcMyPh",10000000
"12DmQBcTr4GcTJKrXQUJzDxw5Gfc4rpCk7",490000
"1K1Rnp9QzNgLvbv4DMvJxx4rQEpHavWMt",40000
"15kpYoEiWd9jwftCyQZfiXZXJAMbctbNbn",990000
"14py8g6G8KF8PTk4N5QgQg6BQnngcEugQJ",417889425
"1Aig4SMkeyX1LnWXiJXaLCUN5Fdyodbg2J",1000000
"1AVG26eJnojQs7NZPFmFtpL1ytr8fK621V",7710000
"1L8oHPdwBNBgTy4U5JvDAHV9ZBybuZ9WLs",5460
"1DdWDGVzn6xu4U184vdCaTTmUSe87paAxo",5460
"1QKrJMkhWEaVm3N4cMvnhVGvSyugUnD2tD",100000
"14YwREPP7hvWaRaoQm7XsoVMrbzuhEk4KH",60000
"1EEbAWWuhGqM8PCVnxwpGVvBucTrA9v4ef",4948
"1N3Kq5udeQihDbPsahpFZZa8b7xJ9dB1M2",3670268
"13aQ4yoKgjircwKWvnpHhnCNTV8JHdxGyL",3509100

